in_gene	out_gene	branch_support	ev_type	sos
Mlei_ML26931a-PA	Pantro_ENSPTRP00000066171	100.0	S	0.0
Mlei_ML26931a-PA	Hsap_ENSP00000333896	100.0	S	0.0
Mlei_ML26931a-PA	Cele_WBGene00008311.1	100.0	S	0.0
Mlei_ML26931a-PA	Tetnig_ENSTNIP00000022487	100.0	S	0.0
Mlei_ML26931a-PA	Nvec_EDO39163	100.0	S	0.0
Mlei_ML26931a-PA	Tetnig_ENSTNIP00000019261	100.0	S	0.0
Mlei_ML26931a-PA	Tadh_TriadP19422	100.0	S	0.0
Mlei_ML26931a-PA	Bralan_BL17848_cuf3	100.0	S	0.0
Mlei_ML26931a-PA	Pantro_ENSPTRP00000066061	100.0	S	0.0
Mlei_ML26931a-PA	Ratnor_ENSRNOP00000072518	100.0	S	0.0
Mlei_ML26931a-PA	Canfam_ENSCAFP00000065419	100.0	S	0.0
Mlei_ML26931a-PA	Mmus_ENSMUSP00000042987	100.0	S	0.0
Mlei_ML26931a-PA	Mmus_ENSMUSP00000157597	100.0	S	0.0
Mlei_ML26931a-PA	Hsap_ENSP00000479667	100.0	S	0.0
Mlei_ML26931a-PA	Canfam_ENSCAFP00000025865	100.0	S	0.0
Mlei_ML26931a-PA	Drer_ENSDARP00000065261	100.0	S	0.0
Mlei_ML26931a-PA	Mondom_ENSMODP00000003191	100.0	S	0.0
Mlei_ML26931a-PA	Galgal_ENSGALP00000057790	100.0	S	0.0
Mlei_ML26931a-PA	Drer_ENSDARP00000079873	100.0	S	0.0
Mlei_ML26931a-PA	Pantro_ENSPTRP00000006610	100.0	S	0.0
Mlei_ML26931a-PA	Ratnor_ENSRNOP00000028678	100.0	S	0.0
Mlei_ML26931a-PA	Cint_ENSCINP00000029922	100.0	S	0.0
Tadh_TriadP60987	Ratnor_ENSRNOP00000008938	100.0	S	0.0
Tadh_TriadP60987	Ratnor_ENSRNOP00000070880	100.0	S	0.0
Tadh_TriadP60987	Tetnig_ENSTNIP00000020404	100.0	S	0.0
Tadh_TriadP60987	Mlei_ML14962a-PA	100.0	S	0.0
Tadh_TriadP60987	Cint_ENSCINP00000011573	100.0	S	0.0
Tadh_TriadP60987	Mmus_ENSMUSP00000033671	100.0	S	0.0
Tadh_TriadP60987	Canfam_ENSCAFP00000051197	100.0	S	0.0
Tadh_TriadP60987	Mondom_ENSMODP00000017877	100.0	S	0.0
Tadh_TriadP60987	Canfam_ENSCAFP00000018364	100.0	S	0.0
Tadh_TriadP60987	Mmus_ENSMUSP00000080694	100.0	S	0.0
Tadh_TriadP60987	Hsap_ENSP00000435412	100.0	S	0.0
Tadh_TriadP60987	Tetnig_ENSTNIP00000003913	100.0	S	0.0
Tadh_TriadP60987	Ratnor_ENSRNOP00000017809	100.0	S	0.0
Tadh_TriadP60987	Galgal_ENSGALP00000071522	100.0	S	0.0
Tadh_TriadP60987	Tetnig_ENSTNIP00000016804	100.0	S	0.0
Tadh_TriadP60987	Drer_ENSDARP00000119149	100.0	S	0.0
Tadh_TriadP60987	Ratnor_ENSRNOP00000003512	100.0	S	0.0
Tadh_TriadP60987	Canfam_ENSCAFP00000019441	100.0	S	0.0
Tadh_TriadP60987	Hsap_ENSP00000262752	100.0	S	0.0
Tadh_TriadP60987	Mmus_ENSMUSP00000024575	100.0	S	0.0
Tadh_TriadP60987	Drer_ENSDARP00000151674	100.0	S	0.0
Tadh_TriadP60987	Drer_ENSDARP00000051545	100.0	S	0.0
Tadh_TriadP60987	Pantro_ENSPTRP00000082053	100.0	S	0.0
Tadh_TriadP60987	Galgal_ENSGALP00000050392	100.0	S	0.0
Tadh_TriadP60987	Drer_ENSDARP00000107927	100.0	S	0.0
Tadh_TriadP60987	Pantro_ENSPTRP00000063286	100.0	S	0.0
Tadh_TriadP60987	Galgal_ENSGALP00000044826	100.0	S	0.0
Tadh_TriadP60987	Pantro_ENSPTRP00000073208	100.0	S	0.0
Tadh_TriadP60987	Dmel_FBpp0077052	100.0	S	0.0
Tadh_TriadP60987	Mmus_ENSMUSP00000155405	100.0	S	0.0
Tadh_TriadP60987	Pantro_ENSPTRP00000090887	100.0	S	0.0
Tadh_TriadP60987	Mondom_ENSMODP00000045941	100.0	S	0.0
Tadh_TriadP60987	Hsap_ENSP00000368884	100.0	S	0.0
Tadh_TriadP60987	Drer_ENSDARP00000130163	100.0	S	0.0
Tadh_TriadP60987	Hsap_ENSP00000487349	100.0	S	0.0
Tadh_TriadP60987	Drer_ENSDARP00000044704	100.0	S	0.0
Tadh_TriadP60987	Drer_ENSDARP00000133020	100.0	S	0.0
Tadh_TriadP60987	Mmus_ENSMUSP00000119328	100.0	S	0.0
Tadh_TriadP60987	Canfam_ENSCAFP00000025598	100.0	S	0.0
Tadh_TriadP60987	Nvec_EDO31895	100.0	S	0.0
Tadh_TriadP60987	Hsap_ENSP00000422435	100.0	S	0.0
Tadh_TriadP60987	Galgal_ENSGALP00000011476	100.0	S	0.0
Tadh_TriadP60987	Drer_ENSDARP00000155433	100.0	S	0.0
Tadh_TriadP60987	Cele_WBGene00011352.1	100.0	S	0.0
Tadh_TriadP60987	Mondom_ENSMODP00000010058	100.0	S	0.0
Tadh_TriadP60987	Mondom_ENSMODP00000046787	100.0	S	0.0
Mlei_ML271526a-PA	Mmus_ENSMUSP00000153607	100.0	S	0.0
Mlei_ML271526a-PA	Cint_ENSCINP00000027245	100.0	S	0.0
Mlei_ML271526a-PA	Hsap_ENSP00000418335	100.0	S	0.0
Mlei_ML271526a-PA	Drer_ENSDARP00000081489	100.0	S	0.0
Mlei_ML271526a-PA	Mondom_ENSMODP00000059359	100.0	S	0.0
Mlei_ML271526a-PA	Drer_ENSDARP00000147527	100.0	S	0.0
Mlei_ML271526a-PA	Canfam_ENSCAFP00000005183	100.0	S	0.0
Mlei_ML271526a-PA	Drer_ENSDARP00000117853	100.0	S	0.0
Mlei_ML271526a-PA	Nvec_EDO42837	100.0	S	0.0
Mlei_ML271526a-PA	Ratnor_ENSRNOP00000070087	100.0	S	0.0
Mlei_ML271526a-PA	Tetnig_ENSTNIP00000021009	100.0	S	0.0
Mlei_ML271526a-PA	Mmus_ENSMUSP00000028970	100.0	S	0.0
Mlei_ML271526a-PA	Dmel_FBpp0309256	100.0	S	0.0
Mlei_ML271526a-PA	Dmel_FBpp0289207	100.0	S	0.0
Mlei_ML271526a-PA	Hsap_ENSP00000378288	100.0	S	0.0
Mlei_ML271526a-PA	Hsap_ENSP00000353109	100.0	S	0.0
Mlei_ML271526a-PA	Mmus_ENSMUSP00000158795	100.0	S	0.0
Mlei_ML271526a-PA	Tetnig_ENSTNIP00000017953	100.0	S	0.0
Mlei_ML271526a-PA	Ratnor_ENSRNOP00000062274	100.0	S	0.0
Mlei_ML271526a-PA	Drer_ENSDARP00000112989	100.0	S	0.0
Mlei_ML271526a-PA	Tadh_TriadP22755	100.0	S	0.0
Mlei_ML271526a-PA	Mmus_ENSMUSP00000023538	100.0	S	0.0
Mlei_ML271526a-PA	Mondom_ENSMODP00000004265	100.0	S	0.0
Mlei_ML271526a-PA	Drer_ENSDARP00000097960	100.0	S	0.0
Mlei_ML271526a-PA	Drer_ENSDARP00000081187	100.0	S	0.0
Mlei_ML271526a-PA	Tetnig_ENSTNIP00000006022	100.0	S	0.0
Mlei_ML271526a-PA	Drer_ENSDARP00000118579	100.0	S	0.0
Mlei_ML271526a-PA	Bralan_BL05289_evm1	100.0	S	0.0
Mlei_ML271526a-PA	Pantro_ENSPTRP00000022133	100.0	S	0.0
Mlei_ML271526a-PA	Mondom_ENSMODP00000024308	100.0	S	0.0
Mlei_ML271526a-PA	Pantro_ENSPTRP00000013797	100.0	S	0.0
Mlei_ML271526a-PA	Drer_ENSDARP00000019103	100.0	S	0.0
Mlei_ML271526a-PA	Canfam_ENSCAFP00000035631	100.0	S	0.0
Mlei_ML271526a-PA	Ratnor_ENSRNOP00000016784	100.0	S	0.0
Mlei_ML271526a-PA	Drer_ENSDARP00000156059	100.0	S	0.0
Mlei_ML271526a-PA	Mondom_ENSMODP00000022873	100.0	S	0.0
Mlei_ML271526a-PA	Ratnor_ENSRNOP00000023657	100.0	S	0.0
Mlei_ML271526a-PA	Galgal_ENSGALP00000066262	100.0	S	0.0
Mlei_ML271526a-PA	Pantro_ENSPTRP00000089511	100.0	S	0.0
Mlei_ML271526a-PA	Drer_ENSDARP00000114723	100.0	S	0.0
Mlei_ML271526a-PA	Tetnig_ENSTNIP00000014650	100.0	S	0.0
Mlei_ML271526a-PA	Cele_WBGene00003400.1	100.0	S	0.0
Mlei_ML271526a-PA	Tetnig_ENSTNIP00000011176	100.0	S	0.0
Mlei_ML271526a-PA	Pantro_ENSPTRP00000084986	100.0	S	0.0
Mlei_ML271526a-PA	Galgal_ENSGALP00000067314	100.0	S	0.0
Mlei_ML271526a-PA	Bralan_BL96415_cuf14	100.0	S	0.0
Mlei_ML271526a-PA	Pantro_ENSPTRP00000030173	100.0	S	0.0
Mlei_ML271526a-PA	Pantro_ENSPTRP00000021693	100.0	S	0.0
Mlei_ML271526a-PA	Drer_ENSDARP00000063576	100.0	S	0.0
Mlei_ML271526a-PA	Drer_ENSDARP00000120152	100.0	S	0.0
Mlei_ML271526a-PA	Nvec_EDO49090	100.0	S	0.0
Mlei_ML271526a-PA	Mmus_ENSMUSP00000087714	100.0	S	0.0
Mlei_ML271526a-PA	Canfam_ENSCAFP00000005479	100.0	S	0.0
Mlei_ML271526a-PA	Galgal_ENSGALP00000045938	100.0	S	0.0
Mlei_ML271526a-PA	Tetnig_ENSTNIP00000011242	100.0	S	0.0
Mlei_ML271526a-PA	Sman_Smp_018290	100.0	S	0.0
Mlei_ML271526a-PA	Cele_WBGene00013869.1	100.0	S	0.0
Mlei_ML271526a-PA	Galgal_ENSGALP00000067637	100.0	S	0.0
Mlei_ML271526a-PA	Galgal_ENSGALP00000061379	100.0	S	0.0
Mlei_ML271526a-PA	Mondom_ENSMODP00000059615	100.0	S	0.0
Mlei_ML271526a-PA	Drer_ENSDARP00000135424	100.0	S	0.0
Mlei_ML271526a-PA	Drer_ENSDARP00000010065	100.0	S	0.0
Mlei_ML271526a-PA	Canfam_ENSCAFP00000022838	100.0	S	0.0
Mlei_ML271526a-PA	Mmus_ENSMUSP00000027263	100.0	S	0.0
Mlei_ML271526a-PA	Cint_ENSCINP00000013676	100.0	S	0.0
Mlei_ML271526a-PA	Tetnig_ENSTNIP00000022320	100.0	S	0.0
Mlei_ML271526a-PA	Ratnor_ENSRNOP00000026941	100.0	S	0.0
Mlei_ML271526a-PA	Tetnig_ENSTNIP00000018604	100.0	S	0.0
Mlei_ML271526a-PA	Sman_Smp_126240	100.0	S	0.0
Mlei_ML271526a-PA	Dmel_FBpp0290554	100.0	S	0.0
Mlei_ML271526a-PA	Canfam_ENSCAFP00000015677	100.0	S	0.0
Mlei_ML271526a-PA	Pantro_ENSPTRP00000028715	100.0	S	0.0
Mlei_ML271526a-PA	Pantro_ENSPTRP00000085473	100.0	S	0.0
Mlei_ML271526a-PA	Pantro_ENSPTRP00000021817	100.0	S	0.0
Mlei_ML271526a-PA	Hsap_ENSP00000467141	100.0	S	0.0
Mlei_ML271526a-PA	Hsap_ENSP00000484390	100.0	S	0.0
Mlei_ML271526a-PA	Drer_ENSDARP00000044425	100.0	S	0.0
Mlei_ML271526a-PA	Mondom_ENSMODP00000047159	100.0	S	0.0
Mlei_ML271526a-PA	Ratnor_ENSRNOP00000073577	100.0	S	0.0
Mlei_ML271526a-PA	Nvec_EDO37024	100.0	S	0.0
Mlei_ML271526a-PA	Cele_WBGene00006759.1	100.0	S	0.0
Mlei_ML271526a-PA	Ratnor_ENSRNOP00000066587	100.0	S	0.0
Mlei_ML271526a-PA	Sman_Smp_165210	100.0	S	0.0
Mlei_ML271526a-PA	Canfam_ENSCAFP00000045361	100.0	S	0.0
Mlei_ML271526a-PA	Dmel_FBpp0307635	100.0	S	0.0
Mlei_ML271526a-PA	Drer_ENSDARP00000152543	100.0	S	0.0
Mlei_ML271526a-PA	Nvec_EDO43755	100.0	S	0.0
Mlei_ML271526a-PA	Nvec_EDO42287	100.0	S	0.0
Mlei_ML271526a-PA	Mondom_ENSMODP00000048429	100.0	S	0.0
Mlei_ML271526a-PA	Hsap_ENSP00000263955	100.0	S	0.0
Mlei_ML271526a-PA	Mmus_ENSMUSP00000076088	100.0	S	0.0
Mlei_ML271526a-PA	Hsap_ENSP00000350785	100.0	S	0.0
Mlei_ML271526a-PA	Cint_ENSCINP00000014396	100.0	S	0.0
Mlei_ML271526a-PA	Hsap_ENSP00000365162	100.0	S	0.0
Mlei_ML271526a-PA	Canfam_ENSCAFP00000040307	100.0	S	0.0
Mlei_ML271526a-PA	Galgal_ENSGALP00000043519	100.0	S	0.0
Mlei_ML271526a-PA	Mondom_ENSMODP00000015177	100.0	S	0.0
Mlei_ML271526a-PA	Cele_WBGene00006820.1	100.0	S	0.0
Mlei_ML271526a-PA	Drer_ENSDARP00000115941	100.0	S	0.0
Mlei_ML271526a-PA	Galgal_ENSGALP00000005269	100.0	S	0.0
Mlei_ML271526a-PA	Pantro_ENSPTRP00000068118	100.0	S	0.0
Mlei_ML271526a-PA	Galgal_ENSGALP00000010124	100.0	S	0.0
Mlei_ML271526a-PA	Hsap_ENSP00000355668	100.0	S	0.0
Mlei_ML271526a-PA	Mondom_ENSMODP00000047000	100.0	S	0.0
Mlei_ML271526a-PA	Mmus_ENSMUSP00000034133	100.0	S	0.0
Mlei_ML271526a-PA	Drer_ENSDARP00000139505	100.0	S	0.0
Mlei_ML271526a-PA	Tetnig_ENSTNIP00000004704	100.0	S	0.0
Mlei_ML271526a-PA	Galgal_ENSGALP00000056836	100.0	S	0.0
Mlei_ML271526a-PA	Hsap_ENSP00000442973	100.0	S	0.0
Mlei_ML271526a-PA	Ratnor_ENSRNOP00000064869	100.0	S	0.0
Mlei_ML271526a-PA	Mondom_ENSMODP00000056141	100.0	S	0.0
Mlei_ML271526a-PA	Canfam_ENSCAFP00000037644	100.0	S	0.0
Mlei_ML271526a-PA	Canfam_ENSCAFP00000001889	100.0	S	0.0
Mlei_ML271526a-PA	Galgal_ENSGALP00000055501	100.0	S	0.0
Mlei_ML271526a-PA	Cint_ENSCINP00000034118	100.0	S	0.0
Mlei_ML271526a-PA	Canfam_ENSCAFP00000018209	100.0	S	0.0
Mlei_ML271526a-PA	Cele_WBGene00006436.1	100.0	S	0.0
Mlei_ML271526a-PA	Galgal_ENSGALP00000053210	100.0	S	0.0
Mlei_ML271526a-PA	Mmus_ENSMUSP00000097561	100.0	S	0.0
Mlei_ML271526a-PA	Mmus_ENSMUSP00000084361	100.0	S	0.0
Mlei_ML271526a-PA	Canfam_ENSCAFP00000059142	100.0	S	0.0
Mlei_ML271526a-PA	Galgal_ENSGALP00000055566	100.0	S	0.0
Mlei_ML271526a-PA	Galgal_ENSGALP00000066282	100.0	S	0.0
Mlei_ML271526a-PA	Drer_ENSDARP00000067763	100.0	S	0.0
Mlei_ML271526a-PA	Mmus_ENSMUSP00000137333	100.0	S	0.0
Mlei_ML271526a-PA	Pantro_ENSPTRP00000017483	100.0	S	0.0
Mlei_ML271526a-PA	Mondom_ENSMODP00000016026	100.0	S	0.0
Mlei_ML271526a-PA	Hsap_ENSP00000319192	100.0	S	0.0
Mlei_ML271526a-PA	Hsap_ENSP00000274643	100.0	S	0.0
Mlei_ML271526a-PA	Tetnig_ENSTNIP00000018724	100.0	S	0.0
Mlei_ML271526a-PA	Canfam_ENSCAFP00000028273	100.0	S	0.0
Mlei_ML271526a-PA	Sman_Smp_181490	100.0	S	0.0
Mlei_ML271526a-PA	Mmus_ENSMUSP00000158747	100.0	S	0.0
Mlei_ML271526a-PA	Ratnor_ENSRNOP00000027634	100.0	S	0.0
Mlei_ML271526a-PA	Cint_ENSCINP00000030660	100.0	S	0.0
Mlei_ML271526a-PA	Tetnig_ENSTNIP00000014654	100.0	S	0.0
Mlei_ML271526a-PA	Tetnig_ENSTNIP00000011365	100.0	S	0.0
Mlei_ML271526a-PA	Mondom_ENSMODP00000018951	100.0	S	0.0
Mlei_ML271526a-PA	Ratnor_ENSRNOP00000039072	100.0	S	0.0
Mlei_ML271526a-PA	Drer_ENSDARP00000046902	100.0	S	0.0
Mlei_ML271526a-PA	Canfam_ENSCAFP00000013586	100.0	S	0.0
Mlei_ML271526a-PA	Sman_Smp_121780	100.0	S	0.0
Mlei_ML271526a-PA	Galgal_ENSGALP00000069730	100.0	S	0.0
Mlei_ML271526a-PA	Ratnor_ENSRNOP00000016857	100.0	S	0.0
Mlei_ML271526a-PA	Tetnig_ENSTNIP00000022587	100.0	S	0.0
Mlei_ML271526a-PA	Pantro_ENSPTRP00000041316	100.0	S	0.0
Mlei_ML271526a-PA	Hsap_ENSP00000311684	100.0	S	0.0
Mlei_ML271526a-PA	Tetnig_ENSTNIP00000018708	100.0	S	0.0
Mlei_ML271526a-PA	Tetnig_ENSTNIP00000005577	100.0	S	0.0
Mlei_ML271526a-PA	Nvec_EDO49548	100.0	S	0.0
Mlei_ML271526a-PA	Pantro_ENSPTRP00000022910	100.0	S	0.0
Mlei_ML271526a-PA	Hsap_ENSP00000339299	100.0	S	0.0
Mlei_ML271526a-PA	Cint_ENSCINP00000030508	100.0	S	0.0
Mlei_ML271526a-PA	Drer_ENSDARP00000000382	100.0	S	0.0
Mlei_ML271526a-PA	Pantro_ENSPTRP00000032664	100.0	S	0.0
Mlei_ML271526a-PA	Dmel_FBpp0112375	100.0	S	0.0
Mlei_ML271526a-PA	Drer_ENSDARP00000005376	100.0	S	0.0
Mlei_ML271526a-PA	Tetnig_ENSTNIP00000022142	100.0	S	0.0
Mlei_ML271526a-PA	Ratnor_ENSRNOP00000074671	100.0	S	0.0
Mlei_ML271526a-PA	Ratnor_ENSRNOP00000011255	100.0	S	0.0
Mlei_ML063322a-PA	Mmus_ENSMUSP00000153607	100.0	S	0.0
Mlei_ML063322a-PA	Cint_ENSCINP00000027245	100.0	S	0.0
Mlei_ML063322a-PA	Hsap_ENSP00000418335	100.0	S	0.0
Mlei_ML063322a-PA	Drer_ENSDARP00000081489	100.0	S	0.0
Mlei_ML063322a-PA	Mondom_ENSMODP00000059359	100.0	S	0.0
Mlei_ML063322a-PA	Drer_ENSDARP00000147527	100.0	S	0.0
Mlei_ML063322a-PA	Canfam_ENSCAFP00000005183	100.0	S	0.0
Mlei_ML063322a-PA	Drer_ENSDARP00000117853	100.0	S	0.0
Mlei_ML063322a-PA	Nvec_EDO42837	100.0	S	0.0
Mlei_ML063322a-PA	Ratnor_ENSRNOP00000070087	100.0	S	0.0
Mlei_ML063322a-PA	Tetnig_ENSTNIP00000021009	100.0	S	0.0
Mlei_ML063322a-PA	Mmus_ENSMUSP00000028970	100.0	S	0.0
Mlei_ML063322a-PA	Dmel_FBpp0309256	100.0	S	0.0
Mlei_ML063322a-PA	Dmel_FBpp0289207	100.0	S	0.0
Mlei_ML063322a-PA	Hsap_ENSP00000378288	100.0	S	0.0
Mlei_ML063322a-PA	Hsap_ENSP00000353109	100.0	S	0.0
Mlei_ML063322a-PA	Mmus_ENSMUSP00000158795	100.0	S	0.0
Mlei_ML063322a-PA	Tetnig_ENSTNIP00000017953	100.0	S	0.0
Mlei_ML063322a-PA	Ratnor_ENSRNOP00000062274	100.0	S	0.0
Mlei_ML063322a-PA	Drer_ENSDARP00000112989	100.0	S	0.0
Mlei_ML063322a-PA	Tadh_TriadP22755	100.0	S	0.0
Mlei_ML063322a-PA	Mmus_ENSMUSP00000023538	100.0	S	0.0
Mlei_ML063322a-PA	Mondom_ENSMODP00000004265	100.0	S	0.0
Mlei_ML063322a-PA	Drer_ENSDARP00000097960	100.0	S	0.0
Mlei_ML063322a-PA	Drer_ENSDARP00000081187	100.0	S	0.0
Mlei_ML063322a-PA	Tetnig_ENSTNIP00000006022	100.0	S	0.0
Mlei_ML063322a-PA	Drer_ENSDARP00000118579	100.0	S	0.0
Mlei_ML063322a-PA	Bralan_BL05289_evm1	100.0	S	0.0
Mlei_ML063322a-PA	Pantro_ENSPTRP00000022133	100.0	S	0.0
Mlei_ML063322a-PA	Mondom_ENSMODP00000024308	100.0	S	0.0
Mlei_ML063322a-PA	Pantro_ENSPTRP00000013797	100.0	S	0.0
Mlei_ML063322a-PA	Drer_ENSDARP00000019103	100.0	S	0.0
Mlei_ML063322a-PA	Canfam_ENSCAFP00000035631	100.0	S	0.0
Mlei_ML063322a-PA	Ratnor_ENSRNOP00000016784	100.0	S	0.0
Mlei_ML063322a-PA	Drer_ENSDARP00000156059	100.0	S	0.0
Mlei_ML063322a-PA	Mondom_ENSMODP00000022873	100.0	S	0.0
Mlei_ML063322a-PA	Ratnor_ENSRNOP00000023657	100.0	S	0.0
Mlei_ML063322a-PA	Galgal_ENSGALP00000066262	100.0	S	0.0
Mlei_ML063322a-PA	Pantro_ENSPTRP00000089511	100.0	S	0.0
Mlei_ML063322a-PA	Drer_ENSDARP00000114723	100.0	S	0.0
Mlei_ML063322a-PA	Tetnig_ENSTNIP00000014650	100.0	S	0.0
Mlei_ML063322a-PA	Cele_WBGene00003400.1	100.0	S	0.0
Mlei_ML063322a-PA	Tetnig_ENSTNIP00000011176	100.0	S	0.0
Mlei_ML063322a-PA	Pantro_ENSPTRP00000084986	100.0	S	0.0
Mlei_ML063322a-PA	Galgal_ENSGALP00000067314	100.0	S	0.0
Mlei_ML063322a-PA	Bralan_BL96415_cuf14	100.0	S	0.0
Mlei_ML063322a-PA	Pantro_ENSPTRP00000030173	100.0	S	0.0
Mlei_ML063322a-PA	Pantro_ENSPTRP00000021693	100.0	S	0.0
Mlei_ML063322a-PA	Drer_ENSDARP00000063576	100.0	S	0.0
Mlei_ML063322a-PA	Drer_ENSDARP00000120152	100.0	S	0.0
Mlei_ML063322a-PA	Nvec_EDO49090	100.0	S	0.0
Mlei_ML063322a-PA	Mmus_ENSMUSP00000087714	100.0	S	0.0
Mlei_ML063322a-PA	Canfam_ENSCAFP00000005479	100.0	S	0.0
Mlei_ML063322a-PA	Galgal_ENSGALP00000045938	100.0	S	0.0
Mlei_ML063322a-PA	Tetnig_ENSTNIP00000011242	100.0	S	0.0
Mlei_ML063322a-PA	Sman_Smp_018290	100.0	S	0.0
Mlei_ML063322a-PA	Cele_WBGene00013869.1	100.0	S	0.0
Mlei_ML063322a-PA	Galgal_ENSGALP00000067637	100.0	S	0.0
Mlei_ML063322a-PA	Galgal_ENSGALP00000061379	100.0	S	0.0
Mlei_ML063322a-PA	Mondom_ENSMODP00000059615	100.0	S	0.0
Mlei_ML063322a-PA	Drer_ENSDARP00000135424	100.0	S	0.0
Mlei_ML063322a-PA	Drer_ENSDARP00000010065	100.0	S	0.0
Mlei_ML063322a-PA	Canfam_ENSCAFP00000022838	100.0	S	0.0
Mlei_ML063322a-PA	Mmus_ENSMUSP00000027263	100.0	S	0.0
Mlei_ML063322a-PA	Cint_ENSCINP00000013676	100.0	S	0.0
Mlei_ML063322a-PA	Tetnig_ENSTNIP00000022320	100.0	S	0.0
Mlei_ML063322a-PA	Ratnor_ENSRNOP00000026941	100.0	S	0.0
Mlei_ML063322a-PA	Tetnig_ENSTNIP00000018604	100.0	S	0.0
Mlei_ML063322a-PA	Sman_Smp_126240	100.0	S	0.0
Mlei_ML063322a-PA	Dmel_FBpp0290554	100.0	S	0.0
Mlei_ML063322a-PA	Canfam_ENSCAFP00000015677	100.0	S	0.0
Mlei_ML063322a-PA	Pantro_ENSPTRP00000028715	100.0	S	0.0
Mlei_ML063322a-PA	Pantro_ENSPTRP00000085473	100.0	S	0.0
Mlei_ML063322a-PA	Pantro_ENSPTRP00000021817	100.0	S	0.0
Mlei_ML063322a-PA	Hsap_ENSP00000467141	100.0	S	0.0
Mlei_ML063322a-PA	Hsap_ENSP00000484390	100.0	S	0.0
Mlei_ML063322a-PA	Drer_ENSDARP00000044425	100.0	S	0.0
Mlei_ML063322a-PA	Mondom_ENSMODP00000047159	100.0	S	0.0
Mlei_ML063322a-PA	Ratnor_ENSRNOP00000073577	100.0	S	0.0
Mlei_ML063322a-PA	Nvec_EDO37024	100.0	S	0.0
Mlei_ML063322a-PA	Cele_WBGene00006759.1	100.0	S	0.0
Mlei_ML063322a-PA	Ratnor_ENSRNOP00000066587	100.0	S	0.0
Mlei_ML063322a-PA	Sman_Smp_165210	100.0	S	0.0
Mlei_ML063322a-PA	Canfam_ENSCAFP00000045361	100.0	S	0.0
Mlei_ML063322a-PA	Dmel_FBpp0307635	100.0	S	0.0
Mlei_ML063322a-PA	Drer_ENSDARP00000152543	100.0	S	0.0
Mlei_ML063322a-PA	Nvec_EDO43755	100.0	S	0.0
Mlei_ML063322a-PA	Nvec_EDO42287	100.0	S	0.0
Mlei_ML063322a-PA	Mondom_ENSMODP00000048429	100.0	S	0.0
Mlei_ML063322a-PA	Hsap_ENSP00000263955	100.0	S	0.0
Mlei_ML063322a-PA	Mmus_ENSMUSP00000076088	100.0	S	0.0
Mlei_ML063322a-PA	Hsap_ENSP00000350785	100.0	S	0.0
Mlei_ML063322a-PA	Cint_ENSCINP00000014396	100.0	S	0.0
Mlei_ML063322a-PA	Hsap_ENSP00000365162	100.0	S	0.0
Mlei_ML063322a-PA	Canfam_ENSCAFP00000040307	100.0	S	0.0
Mlei_ML063322a-PA	Galgal_ENSGALP00000043519	100.0	S	0.0
Mlei_ML063322a-PA	Mondom_ENSMODP00000015177	100.0	S	0.0
Mlei_ML063322a-PA	Cele_WBGene00006820.1	100.0	S	0.0
Mlei_ML063322a-PA	Drer_ENSDARP00000115941	100.0	S	0.0
Mlei_ML063322a-PA	Galgal_ENSGALP00000005269	100.0	S	0.0
Mlei_ML063322a-PA	Pantro_ENSPTRP00000068118	100.0	S	0.0
Mlei_ML063322a-PA	Galgal_ENSGALP00000010124	100.0	S	0.0
Mlei_ML063322a-PA	Hsap_ENSP00000355668	100.0	S	0.0
Mlei_ML063322a-PA	Mondom_ENSMODP00000047000	100.0	S	0.0
Mlei_ML063322a-PA	Mmus_ENSMUSP00000034133	100.0	S	0.0
Mlei_ML063322a-PA	Drer_ENSDARP00000139505	100.0	S	0.0
Mlei_ML063322a-PA	Tetnig_ENSTNIP00000004704	100.0	S	0.0
Mlei_ML063322a-PA	Galgal_ENSGALP00000056836	100.0	S	0.0
Mlei_ML063322a-PA	Hsap_ENSP00000442973	100.0	S	0.0
Mlei_ML063322a-PA	Ratnor_ENSRNOP00000064869	100.0	S	0.0
Mlei_ML063322a-PA	Mondom_ENSMODP00000056141	100.0	S	0.0
Mlei_ML063322a-PA	Canfam_ENSCAFP00000037644	100.0	S	0.0
Mlei_ML063322a-PA	Canfam_ENSCAFP00000001889	100.0	S	0.0
Mlei_ML063322a-PA	Galgal_ENSGALP00000055501	100.0	S	0.0
Mlei_ML063322a-PA	Cint_ENSCINP00000034118	100.0	S	0.0
Mlei_ML063322a-PA	Canfam_ENSCAFP00000018209	100.0	S	0.0
Mlei_ML063322a-PA	Cele_WBGene00006436.1	100.0	S	0.0
Mlei_ML063322a-PA	Galgal_ENSGALP00000053210	100.0	S	0.0
Mlei_ML063322a-PA	Mmus_ENSMUSP00000097561	100.0	S	0.0
Mlei_ML063322a-PA	Mmus_ENSMUSP00000084361	100.0	S	0.0
Mlei_ML063322a-PA	Canfam_ENSCAFP00000059142	100.0	S	0.0
Mlei_ML063322a-PA	Galgal_ENSGALP00000055566	100.0	S	0.0
Mlei_ML063322a-PA	Galgal_ENSGALP00000066282	100.0	S	0.0
Mlei_ML063322a-PA	Drer_ENSDARP00000067763	100.0	S	0.0
Mlei_ML063322a-PA	Mmus_ENSMUSP00000137333	100.0	S	0.0
Mlei_ML063322a-PA	Pantro_ENSPTRP00000017483	100.0	S	0.0
Mlei_ML063322a-PA	Mondom_ENSMODP00000016026	100.0	S	0.0
Mlei_ML063322a-PA	Hsap_ENSP00000319192	100.0	S	0.0
Mlei_ML063322a-PA	Hsap_ENSP00000274643	100.0	S	0.0
Mlei_ML063322a-PA	Tetnig_ENSTNIP00000018724	100.0	S	0.0
Mlei_ML063322a-PA	Canfam_ENSCAFP00000028273	100.0	S	0.0
Mlei_ML063322a-PA	Sman_Smp_181490	100.0	S	0.0
Mlei_ML063322a-PA	Mmus_ENSMUSP00000158747	100.0	S	0.0
Mlei_ML063322a-PA	Ratnor_ENSRNOP00000027634	100.0	S	0.0
Mlei_ML063322a-PA	Cint_ENSCINP00000030660	100.0	S	0.0
Mlei_ML063322a-PA	Tetnig_ENSTNIP00000014654	100.0	S	0.0
Mlei_ML063322a-PA	Tetnig_ENSTNIP00000011365	100.0	S	0.0
Mlei_ML063322a-PA	Mondom_ENSMODP00000018951	100.0	S	0.0
Mlei_ML063322a-PA	Ratnor_ENSRNOP00000039072	100.0	S	0.0
Mlei_ML063322a-PA	Drer_ENSDARP00000046902	100.0	S	0.0
Mlei_ML063322a-PA	Canfam_ENSCAFP00000013586	100.0	S	0.0
Mlei_ML063322a-PA	Sman_Smp_121780	100.0	S	0.0
Mlei_ML063322a-PA	Galgal_ENSGALP00000069730	100.0	S	0.0
Mlei_ML063322a-PA	Ratnor_ENSRNOP00000016857	100.0	S	0.0
Mlei_ML063322a-PA	Tetnig_ENSTNIP00000022587	100.0	S	0.0
Mlei_ML063322a-PA	Pantro_ENSPTRP00000041316	100.0	S	0.0
Mlei_ML063322a-PA	Hsap_ENSP00000311684	100.0	S	0.0
Mlei_ML063322a-PA	Tetnig_ENSTNIP00000018708	100.0	S	0.0
Mlei_ML063322a-PA	Tetnig_ENSTNIP00000005577	100.0	S	0.0
Mlei_ML063322a-PA	Nvec_EDO49548	100.0	S	0.0
Mlei_ML063322a-PA	Pantro_ENSPTRP00000022910	100.0	S	0.0
Mlei_ML063322a-PA	Hsap_ENSP00000339299	100.0	S	0.0
Mlei_ML063322a-PA	Cint_ENSCINP00000030508	100.0	S	0.0
Mlei_ML063322a-PA	Drer_ENSDARP00000000382	100.0	S	0.0
Mlei_ML063322a-PA	Pantro_ENSPTRP00000032664	100.0	S	0.0
Mlei_ML063322a-PA	Dmel_FBpp0112375	100.0	S	0.0
Mlei_ML063322a-PA	Drer_ENSDARP00000005376	100.0	S	0.0
Mlei_ML063322a-PA	Tetnig_ENSTNIP00000022142	100.0	S	0.0
Mlei_ML063322a-PA	Ratnor_ENSRNOP00000074671	100.0	S	0.0
Mlei_ML063322a-PA	Ratnor_ENSRNOP00000011255	100.0	S	0.0
Tadh_TriadP19422	Ratnor_ENSRNOP00000028678	68.0	S	0.0
Tadh_TriadP19422	Pantro_ENSPTRP00000066061	68.0	S	0.0
Tadh_TriadP19422	Pantro_ENSPTRP00000066171	68.0	S	0.0
Tadh_TriadP19422	Hsap_ENSP00000333896	68.0	S	0.0
Tadh_TriadP19422	Ratnor_ENSRNOP00000072518	68.0	S	0.0
Tadh_TriadP19422	Canfam_ENSCAFP00000065419	68.0	S	0.0
Tadh_TriadP19422	Drer_ENSDARP00000079873	68.0	S	0.0
Tadh_TriadP19422	Hsap_ENSP00000479667	68.0	S	0.0
Tadh_TriadP19422	Pantro_ENSPTRP00000006610	68.0	S	0.0
Tadh_TriadP19422	Mmus_ENSMUSP00000042987	68.0	S	0.0
Tadh_TriadP19422	Canfam_ENSCAFP00000025865	68.0	S	0.0
Tadh_TriadP19422	Tetnig_ENSTNIP00000022487	68.0	S	0.0
Tadh_TriadP19422	Mondom_ENSMODP00000003191	68.0	S	0.0
Tadh_TriadP19422	Nvec_EDO39163	68.0	S	0.0
Tadh_TriadP19422	Drer_ENSDARP00000065261	68.0	S	0.0
Tadh_TriadP19422	Mmus_ENSMUSP00000157597	68.0	S	0.0
Tadh_TriadP19422	Galgal_ENSGALP00000057790	68.0	S	0.0
Tadh_TriadP19422	Tetnig_ENSTNIP00000019261	68.0	S	0.0
Tadh_TriadP19422	Bralan_BL17848_cuf3	68.0	S	0.0
Tadh_TriadP19422	Cint_ENSCINP00000029922	68.0	S	0.0
Cele_WBGene00008311.1	Ratnor_ENSRNOP00000028678	68.0	S	0.0
Cele_WBGene00008311.1	Pantro_ENSPTRP00000066061	68.0	S	0.0
Cele_WBGene00008311.1	Pantro_ENSPTRP00000066171	68.0	S	0.0
Cele_WBGene00008311.1	Hsap_ENSP00000333896	68.0	S	0.0
Cele_WBGene00008311.1	Ratnor_ENSRNOP00000072518	68.0	S	0.0
Cele_WBGene00008311.1	Canfam_ENSCAFP00000065419	68.0	S	0.0
Cele_WBGene00008311.1	Drer_ENSDARP00000079873	68.0	S	0.0
Cele_WBGene00008311.1	Hsap_ENSP00000479667	68.0	S	0.0
Cele_WBGene00008311.1	Pantro_ENSPTRP00000006610	68.0	S	0.0
Cele_WBGene00008311.1	Mmus_ENSMUSP00000042987	68.0	S	0.0
Cele_WBGene00008311.1	Canfam_ENSCAFP00000025865	68.0	S	0.0
Cele_WBGene00008311.1	Tetnig_ENSTNIP00000022487	68.0	S	0.0
Cele_WBGene00008311.1	Mondom_ENSMODP00000003191	68.0	S	0.0
Cele_WBGene00008311.1	Nvec_EDO39163	68.0	S	0.0
Cele_WBGene00008311.1	Drer_ENSDARP00000065261	68.0	S	0.0
Cele_WBGene00008311.1	Mmus_ENSMUSP00000157597	68.0	S	0.0
Cele_WBGene00008311.1	Galgal_ENSGALP00000057790	68.0	S	0.0
Cele_WBGene00008311.1	Tetnig_ENSTNIP00000019261	68.0	S	0.0
Cele_WBGene00008311.1	Bralan_BL17848_cuf3	68.0	S	0.0
Cele_WBGene00008311.1	Cint_ENSCINP00000029922	68.0	S	0.0
Cele_WBGene00011352.1	Ratnor_ENSRNOP00000008938	70.0	S	0.0
Cele_WBGene00011352.1	Ratnor_ENSRNOP00000070880	70.0	S	0.0
Cele_WBGene00011352.1	Tetnig_ENSTNIP00000020404	70.0	S	0.0
Cele_WBGene00011352.1	Mlei_ML14962a-PA	70.0	S	0.0
Cele_WBGene00011352.1	Cint_ENSCINP00000011573	70.0	S	0.0
Cele_WBGene00011352.1	Mmus_ENSMUSP00000033671	70.0	S	0.0
Cele_WBGene00011352.1	Canfam_ENSCAFP00000051197	70.0	S	0.0
Cele_WBGene00011352.1	Mondom_ENSMODP00000017877	70.0	S	0.0
Cele_WBGene00011352.1	Canfam_ENSCAFP00000018364	70.0	S	0.0
Cele_WBGene00011352.1	Mmus_ENSMUSP00000080694	70.0	S	0.0
Cele_WBGene00011352.1	Hsap_ENSP00000435412	70.0	S	0.0
Cele_WBGene00011352.1	Tetnig_ENSTNIP00000003913	70.0	S	0.0
Cele_WBGene00011352.1	Ratnor_ENSRNOP00000017809	70.0	S	0.0
Cele_WBGene00011352.1	Galgal_ENSGALP00000071522	70.0	S	0.0
Cele_WBGene00011352.1	Tetnig_ENSTNIP00000016804	70.0	S	0.0
Cele_WBGene00011352.1	Drer_ENSDARP00000119149	70.0	S	0.0
Cele_WBGene00011352.1	Ratnor_ENSRNOP00000003512	70.0	S	0.0
Cele_WBGene00011352.1	Canfam_ENSCAFP00000019441	70.0	S	0.0
Cele_WBGene00011352.1	Hsap_ENSP00000262752	70.0	S	0.0
Cele_WBGene00011352.1	Mmus_ENSMUSP00000024575	70.0	S	0.0
Cele_WBGene00011352.1	Drer_ENSDARP00000151674	70.0	S	0.0
Cele_WBGene00011352.1	Drer_ENSDARP00000051545	70.0	S	0.0
Cele_WBGene00011352.1	Pantro_ENSPTRP00000082053	70.0	S	0.0
Cele_WBGene00011352.1	Galgal_ENSGALP00000050392	70.0	S	0.0
Cele_WBGene00011352.1	Drer_ENSDARP00000107927	70.0	S	0.0
Cele_WBGene00011352.1	Pantro_ENSPTRP00000063286	70.0	S	0.0
Cele_WBGene00011352.1	Galgal_ENSGALP00000044826	70.0	S	0.0
Cele_WBGene00011352.1	Pantro_ENSPTRP00000073208	70.0	S	0.0
Cele_WBGene00011352.1	Mmus_ENSMUSP00000155405	70.0	S	0.0
Cele_WBGene00011352.1	Pantro_ENSPTRP00000090887	70.0	S	0.0
Cele_WBGene00011352.1	Mondom_ENSMODP00000045941	70.0	S	0.0
Cele_WBGene00011352.1	Hsap_ENSP00000368884	70.0	S	0.0
Cele_WBGene00011352.1	Drer_ENSDARP00000130163	70.0	S	0.0
Cele_WBGene00011352.1	Hsap_ENSP00000487349	70.0	S	0.0
Cele_WBGene00011352.1	Drer_ENSDARP00000044704	70.0	S	0.0
Cele_WBGene00011352.1	Drer_ENSDARP00000133020	70.0	S	0.0
Cele_WBGene00011352.1	Mmus_ENSMUSP00000119328	70.0	S	0.0
Cele_WBGene00011352.1	Canfam_ENSCAFP00000025598	70.0	S	0.0
Cele_WBGene00011352.1	Nvec_EDO31895	70.0	S	0.0
Cele_WBGene00011352.1	Hsap_ENSP00000422435	70.0	S	0.0
Cele_WBGene00011352.1	Galgal_ENSGALP00000011476	70.0	S	0.0
Cele_WBGene00011352.1	Drer_ENSDARP00000155433	70.0	S	0.0
Cele_WBGene00011352.1	Mondom_ENSMODP00000010058	70.0	S	0.0
Cele_WBGene00011352.1	Mondom_ENSMODP00000046787	70.0	S	0.0
Dmel_FBpp0077052	Ratnor_ENSRNOP00000008938	70.0	S	0.0
Dmel_FBpp0077052	Ratnor_ENSRNOP00000070880	70.0	S	0.0
Dmel_FBpp0077052	Tetnig_ENSTNIP00000020404	70.0	S	0.0
Dmel_FBpp0077052	Mlei_ML14962a-PA	70.0	S	0.0
Dmel_FBpp0077052	Cint_ENSCINP00000011573	70.0	S	0.0
Dmel_FBpp0077052	Mmus_ENSMUSP00000033671	70.0	S	0.0
Dmel_FBpp0077052	Canfam_ENSCAFP00000051197	70.0	S	0.0
Dmel_FBpp0077052	Mondom_ENSMODP00000017877	70.0	S	0.0
Dmel_FBpp0077052	Canfam_ENSCAFP00000018364	70.0	S	0.0
Dmel_FBpp0077052	Mmus_ENSMUSP00000080694	70.0	S	0.0
Dmel_FBpp0077052	Hsap_ENSP00000435412	70.0	S	0.0
Dmel_FBpp0077052	Tetnig_ENSTNIP00000003913	70.0	S	0.0
Dmel_FBpp0077052	Ratnor_ENSRNOP00000017809	70.0	S	0.0
Dmel_FBpp0077052	Galgal_ENSGALP00000071522	70.0	S	0.0
Dmel_FBpp0077052	Tetnig_ENSTNIP00000016804	70.0	S	0.0
Dmel_FBpp0077052	Drer_ENSDARP00000119149	70.0	S	0.0
Dmel_FBpp0077052	Ratnor_ENSRNOP00000003512	70.0	S	0.0
Dmel_FBpp0077052	Canfam_ENSCAFP00000019441	70.0	S	0.0
Dmel_FBpp0077052	Hsap_ENSP00000262752	70.0	S	0.0
Dmel_FBpp0077052	Mmus_ENSMUSP00000024575	70.0	S	0.0
Dmel_FBpp0077052	Drer_ENSDARP00000151674	70.0	S	0.0
Dmel_FBpp0077052	Drer_ENSDARP00000051545	70.0	S	0.0
Dmel_FBpp0077052	Pantro_ENSPTRP00000082053	70.0	S	0.0
Dmel_FBpp0077052	Galgal_ENSGALP00000050392	70.0	S	0.0
Dmel_FBpp0077052	Drer_ENSDARP00000107927	70.0	S	0.0
Dmel_FBpp0077052	Pantro_ENSPTRP00000063286	70.0	S	0.0
Dmel_FBpp0077052	Galgal_ENSGALP00000044826	70.0	S	0.0
Dmel_FBpp0077052	Pantro_ENSPTRP00000073208	70.0	S	0.0
Dmel_FBpp0077052	Mmus_ENSMUSP00000155405	70.0	S	0.0
Dmel_FBpp0077052	Pantro_ENSPTRP00000090887	70.0	S	0.0
Dmel_FBpp0077052	Mondom_ENSMODP00000045941	70.0	S	0.0
Dmel_FBpp0077052	Hsap_ENSP00000368884	70.0	S	0.0
Dmel_FBpp0077052	Drer_ENSDARP00000130163	70.0	S	0.0
Dmel_FBpp0077052	Hsap_ENSP00000487349	70.0	S	0.0
Dmel_FBpp0077052	Drer_ENSDARP00000044704	70.0	S	0.0
Dmel_FBpp0077052	Drer_ENSDARP00000133020	70.0	S	0.0
Dmel_FBpp0077052	Mmus_ENSMUSP00000119328	70.0	S	0.0
Dmel_FBpp0077052	Canfam_ENSCAFP00000025598	70.0	S	0.0
Dmel_FBpp0077052	Nvec_EDO31895	70.0	S	0.0
Dmel_FBpp0077052	Hsap_ENSP00000422435	70.0	S	0.0
Dmel_FBpp0077052	Galgal_ENSGALP00000011476	70.0	S	0.0
Dmel_FBpp0077052	Drer_ENSDARP00000155433	70.0	S	0.0
Dmel_FBpp0077052	Mondom_ENSMODP00000010058	70.0	S	0.0
Dmel_FBpp0077052	Mondom_ENSMODP00000046787	70.0	S	0.0
Mlei_ML063322a-PA	Mlei_ML271526a-PA	89.0	D	1.0
Tadh_TriadP19422	Cele_WBGene00008311.1	55.0	S	0.0
Nvec_EDO39163	Ratnor_ENSRNOP00000028678	60.0	S	0.0
Nvec_EDO39163	Pantro_ENSPTRP00000066061	60.0	S	0.0
Nvec_EDO39163	Pantro_ENSPTRP00000066171	60.0	S	0.0
Nvec_EDO39163	Hsap_ENSP00000333896	60.0	S	0.0
Nvec_EDO39163	Ratnor_ENSRNOP00000072518	60.0	S	0.0
Nvec_EDO39163	Canfam_ENSCAFP00000065419	60.0	S	0.0
Nvec_EDO39163	Drer_ENSDARP00000079873	60.0	S	0.0
Nvec_EDO39163	Hsap_ENSP00000479667	60.0	S	0.0
Nvec_EDO39163	Pantro_ENSPTRP00000006610	60.0	S	0.0
Nvec_EDO39163	Mmus_ENSMUSP00000042987	60.0	S	0.0
Nvec_EDO39163	Canfam_ENSCAFP00000025865	60.0	S	0.0
Nvec_EDO39163	Tetnig_ENSTNIP00000022487	60.0	S	0.0
Nvec_EDO39163	Mondom_ENSMODP00000003191	60.0	S	0.0
Nvec_EDO39163	Drer_ENSDARP00000065261	60.0	S	0.0
Nvec_EDO39163	Mmus_ENSMUSP00000157597	60.0	S	0.0
Nvec_EDO39163	Galgal_ENSGALP00000057790	60.0	S	0.0
Nvec_EDO39163	Tetnig_ENSTNIP00000019261	60.0	S	0.0
Nvec_EDO39163	Bralan_BL17848_cuf3	60.0	S	0.0
Cint_ENSCINP00000029922	Ratnor_ENSRNOP00000028678	60.0	S	0.0
Cint_ENSCINP00000029922	Pantro_ENSPTRP00000066061	60.0	S	0.0
Cint_ENSCINP00000029922	Pantro_ENSPTRP00000066171	60.0	S	0.0
Cint_ENSCINP00000029922	Hsap_ENSP00000333896	60.0	S	0.0
Cint_ENSCINP00000029922	Ratnor_ENSRNOP00000072518	60.0	S	0.0
Cint_ENSCINP00000029922	Canfam_ENSCAFP00000065419	60.0	S	0.0
Cint_ENSCINP00000029922	Drer_ENSDARP00000079873	60.0	S	0.0
Cint_ENSCINP00000029922	Hsap_ENSP00000479667	60.0	S	0.0
Cint_ENSCINP00000029922	Pantro_ENSPTRP00000006610	60.0	S	0.0
Cint_ENSCINP00000029922	Mmus_ENSMUSP00000042987	60.0	S	0.0
Cint_ENSCINP00000029922	Canfam_ENSCAFP00000025865	60.0	S	0.0
Cint_ENSCINP00000029922	Tetnig_ENSTNIP00000022487	60.0	S	0.0
Cint_ENSCINP00000029922	Mondom_ENSMODP00000003191	60.0	S	0.0
Cint_ENSCINP00000029922	Drer_ENSDARP00000065261	60.0	S	0.0
Cint_ENSCINP00000029922	Mmus_ENSMUSP00000157597	60.0	S	0.0
Cint_ENSCINP00000029922	Galgal_ENSGALP00000057790	60.0	S	0.0
Cint_ENSCINP00000029922	Tetnig_ENSTNIP00000019261	60.0	S	0.0
Cint_ENSCINP00000029922	Bralan_BL17848_cuf3	60.0	S	0.0
Dmel_FBpp0077052	Cele_WBGene00011352.1	53.0	S	0.0
Mlei_ML14962a-PA	Ratnor_ENSRNOP00000008938	69.0	S	0.0
Mlei_ML14962a-PA	Ratnor_ENSRNOP00000070880	69.0	S	0.0
Mlei_ML14962a-PA	Tetnig_ENSTNIP00000020404	69.0	S	0.0
Mlei_ML14962a-PA	Cint_ENSCINP00000011573	69.0	S	0.0
Mlei_ML14962a-PA	Mmus_ENSMUSP00000033671	69.0	S	0.0
Mlei_ML14962a-PA	Canfam_ENSCAFP00000051197	69.0	S	0.0
Mlei_ML14962a-PA	Mondom_ENSMODP00000017877	69.0	S	0.0
Mlei_ML14962a-PA	Canfam_ENSCAFP00000018364	69.0	S	0.0
Mlei_ML14962a-PA	Mmus_ENSMUSP00000080694	69.0	S	0.0
Mlei_ML14962a-PA	Hsap_ENSP00000435412	69.0	S	0.0
Mlei_ML14962a-PA	Tetnig_ENSTNIP00000003913	69.0	S	0.0
Mlei_ML14962a-PA	Ratnor_ENSRNOP00000017809	69.0	S	0.0
Mlei_ML14962a-PA	Galgal_ENSGALP00000071522	69.0	S	0.0
Mlei_ML14962a-PA	Tetnig_ENSTNIP00000016804	69.0	S	0.0
Mlei_ML14962a-PA	Drer_ENSDARP00000119149	69.0	S	0.0
Mlei_ML14962a-PA	Ratnor_ENSRNOP00000003512	69.0	S	0.0
Mlei_ML14962a-PA	Canfam_ENSCAFP00000019441	69.0	S	0.0
Mlei_ML14962a-PA	Hsap_ENSP00000262752	69.0	S	0.0
Mlei_ML14962a-PA	Mmus_ENSMUSP00000024575	69.0	S	0.0
Mlei_ML14962a-PA	Drer_ENSDARP00000151674	69.0	S	0.0
Mlei_ML14962a-PA	Drer_ENSDARP00000051545	69.0	S	0.0
Mlei_ML14962a-PA	Pantro_ENSPTRP00000082053	69.0	S	0.0
Mlei_ML14962a-PA	Galgal_ENSGALP00000050392	69.0	S	0.0
Mlei_ML14962a-PA	Drer_ENSDARP00000107927	69.0	S	0.0
Mlei_ML14962a-PA	Pantro_ENSPTRP00000063286	69.0	S	0.0
Mlei_ML14962a-PA	Galgal_ENSGALP00000044826	69.0	S	0.0
Mlei_ML14962a-PA	Pantro_ENSPTRP00000073208	69.0	S	0.0
Mlei_ML14962a-PA	Mmus_ENSMUSP00000155405	69.0	S	0.0
Mlei_ML14962a-PA	Pantro_ENSPTRP00000090887	69.0	S	0.0
Mlei_ML14962a-PA	Mondom_ENSMODP00000045941	69.0	S	0.0
Mlei_ML14962a-PA	Hsap_ENSP00000368884	69.0	S	0.0
Mlei_ML14962a-PA	Drer_ENSDARP00000130163	69.0	S	0.0
Mlei_ML14962a-PA	Hsap_ENSP00000487349	69.0	S	0.0
Mlei_ML14962a-PA	Drer_ENSDARP00000044704	69.0	S	0.0
Mlei_ML14962a-PA	Drer_ENSDARP00000133020	69.0	S	0.0
Mlei_ML14962a-PA	Mmus_ENSMUSP00000119328	69.0	S	0.0
Mlei_ML14962a-PA	Canfam_ENSCAFP00000025598	69.0	S	0.0
Mlei_ML14962a-PA	Hsap_ENSP00000422435	69.0	S	0.0
Mlei_ML14962a-PA	Galgal_ENSGALP00000011476	69.0	S	0.0
Mlei_ML14962a-PA	Drer_ENSDARP00000155433	69.0	S	0.0
Mlei_ML14962a-PA	Mondom_ENSMODP00000010058	69.0	S	0.0
Mlei_ML14962a-PA	Mondom_ENSMODP00000046787	69.0	S	0.0
Nvec_EDO31895	Ratnor_ENSRNOP00000008938	69.0	S	0.0
Nvec_EDO31895	Ratnor_ENSRNOP00000070880	69.0	S	0.0
Nvec_EDO31895	Tetnig_ENSTNIP00000020404	69.0	S	0.0
Nvec_EDO31895	Cint_ENSCINP00000011573	69.0	S	0.0
Nvec_EDO31895	Mmus_ENSMUSP00000033671	69.0	S	0.0
Nvec_EDO31895	Canfam_ENSCAFP00000051197	69.0	S	0.0
Nvec_EDO31895	Mondom_ENSMODP00000017877	69.0	S	0.0
Nvec_EDO31895	Canfam_ENSCAFP00000018364	69.0	S	0.0
Nvec_EDO31895	Mmus_ENSMUSP00000080694	69.0	S	0.0
Nvec_EDO31895	Hsap_ENSP00000435412	69.0	S	0.0
Nvec_EDO31895	Tetnig_ENSTNIP00000003913	69.0	S	0.0
Nvec_EDO31895	Ratnor_ENSRNOP00000017809	69.0	S	0.0
Nvec_EDO31895	Galgal_ENSGALP00000071522	69.0	S	0.0
Nvec_EDO31895	Tetnig_ENSTNIP00000016804	69.0	S	0.0
Nvec_EDO31895	Drer_ENSDARP00000119149	69.0	S	0.0
Nvec_EDO31895	Ratnor_ENSRNOP00000003512	69.0	S	0.0
Nvec_EDO31895	Canfam_ENSCAFP00000019441	69.0	S	0.0
Nvec_EDO31895	Hsap_ENSP00000262752	69.0	S	0.0
Nvec_EDO31895	Mmus_ENSMUSP00000024575	69.0	S	0.0
Nvec_EDO31895	Drer_ENSDARP00000151674	69.0	S	0.0
Nvec_EDO31895	Drer_ENSDARP00000051545	69.0	S	0.0
Nvec_EDO31895	Pantro_ENSPTRP00000082053	69.0	S	0.0
Nvec_EDO31895	Galgal_ENSGALP00000050392	69.0	S	0.0
Nvec_EDO31895	Drer_ENSDARP00000107927	69.0	S	0.0
Nvec_EDO31895	Pantro_ENSPTRP00000063286	69.0	S	0.0
Nvec_EDO31895	Galgal_ENSGALP00000044826	69.0	S	0.0
Nvec_EDO31895	Pantro_ENSPTRP00000073208	69.0	S	0.0
Nvec_EDO31895	Mmus_ENSMUSP00000155405	69.0	S	0.0
Nvec_EDO31895	Pantro_ENSPTRP00000090887	69.0	S	0.0
Nvec_EDO31895	Mondom_ENSMODP00000045941	69.0	S	0.0
Nvec_EDO31895	Hsap_ENSP00000368884	69.0	S	0.0
Nvec_EDO31895	Drer_ENSDARP00000130163	69.0	S	0.0
Nvec_EDO31895	Hsap_ENSP00000487349	69.0	S	0.0
Nvec_EDO31895	Drer_ENSDARP00000044704	69.0	S	0.0
Nvec_EDO31895	Drer_ENSDARP00000133020	69.0	S	0.0
Nvec_EDO31895	Mmus_ENSMUSP00000119328	69.0	S	0.0
Nvec_EDO31895	Canfam_ENSCAFP00000025598	69.0	S	0.0
Nvec_EDO31895	Hsap_ENSP00000422435	69.0	S	0.0
Nvec_EDO31895	Galgal_ENSGALP00000011476	69.0	S	0.0
Nvec_EDO31895	Drer_ENSDARP00000155433	69.0	S	0.0
Nvec_EDO31895	Mondom_ENSMODP00000010058	69.0	S	0.0
Nvec_EDO31895	Mondom_ENSMODP00000046787	69.0	S	0.0
Cint_ENSCINP00000010112	Ratnor_ENSRNOP00000027771	100.0	S	0.0
Cint_ENSCINP00000010112	Pantro_ENSPTRP00000029317	100.0	S	0.0
Cint_ENSCINP00000010112	Mmus_ENSMUSP00000157012	100.0	S	0.0
Cint_ENSCINP00000010112	Hsap_ENSP00000422634	100.0	S	0.0
Cint_ENSCINP00000010112	Drer_ENSDARP00000099138	100.0	S	0.0
Cint_ENSCINP00000010112	Drer_ENSDARP00000108452	100.0	S	0.0
Cint_ENSCINP00000010112	Nvec_EDO42276	100.0	S	0.0
Drer_ENSDARP00000065379	Mondom_ENSMODP00000021011	100.0	S	0.0
Drer_ENSDARP00000065379	Galgal_ENSGALP00000048859	100.0	S	0.0
Drer_ENSDARP00000065379	Ratnor_ENSRNOP00000024099	100.0	S	0.0
Drer_ENSDARP00000065379	Mmus_ENSMUSP00000037028	100.0	S	0.0
Drer_ENSDARP00000065379	Hsap_ENSP00000478874	100.0	S	0.0
Drer_ENSDARP00000065379	Pantro_ENSPTRP00000003885	100.0	S	0.0
Drer_ENSDARP00000065379	Canfam_ENSCAFP00000054783	100.0	S	0.0
Drer_ENSDARP00000011264	Mondom_ENSMODP00000021011	100.0	S	0.0
Drer_ENSDARP00000011264	Galgal_ENSGALP00000048859	100.0	S	0.0
Drer_ENSDARP00000011264	Ratnor_ENSRNOP00000024099	100.0	S	0.0
Drer_ENSDARP00000011264	Mmus_ENSMUSP00000037028	100.0	S	0.0
Drer_ENSDARP00000011264	Hsap_ENSP00000478874	100.0	S	0.0
Drer_ENSDARP00000011264	Pantro_ENSPTRP00000003885	100.0	S	0.0
Drer_ENSDARP00000011264	Canfam_ENSCAFP00000054783	100.0	S	0.0
Nvec_EDO39163	Cint_ENSCINP00000029922	82.0	S	0.0
Bralan_BL17848_cuf3	Ratnor_ENSRNOP00000028678	97.0	S	0.0
Bralan_BL17848_cuf3	Pantro_ENSPTRP00000066061	97.0	S	0.0
Bralan_BL17848_cuf3	Pantro_ENSPTRP00000066171	97.0	S	0.0
Bralan_BL17848_cuf3	Hsap_ENSP00000333896	97.0	S	0.0
Bralan_BL17848_cuf3	Ratnor_ENSRNOP00000072518	97.0	S	0.0
Bralan_BL17848_cuf3	Canfam_ENSCAFP00000065419	97.0	S	0.0
Bralan_BL17848_cuf3	Drer_ENSDARP00000079873	97.0	S	0.0
Bralan_BL17848_cuf3	Hsap_ENSP00000479667	97.0	S	0.0
Bralan_BL17848_cuf3	Pantro_ENSPTRP00000006610	97.0	S	0.0
Bralan_BL17848_cuf3	Mmus_ENSMUSP00000042987	97.0	S	0.0
Bralan_BL17848_cuf3	Canfam_ENSCAFP00000025865	97.0	S	0.0
Bralan_BL17848_cuf3	Tetnig_ENSTNIP00000022487	97.0	S	0.0
Bralan_BL17848_cuf3	Mondom_ENSMODP00000003191	97.0	S	0.0
Bralan_BL17848_cuf3	Drer_ENSDARP00000065261	97.0	S	0.0
Bralan_BL17848_cuf3	Mmus_ENSMUSP00000157597	97.0	S	0.0
Bralan_BL17848_cuf3	Galgal_ENSGALP00000057790	97.0	S	0.0
Bralan_BL17848_cuf3	Tetnig_ENSTNIP00000019261	97.0	S	0.0
Mlei_ML14962a-PA	Nvec_EDO31895	70.0	S	0.0
Cint_ENSCINP00000011573	Ratnor_ENSRNOP00000008938	99.0	S	0.0
Cint_ENSCINP00000011573	Ratnor_ENSRNOP00000070880	99.0	S	0.0
Cint_ENSCINP00000011573	Tetnig_ENSTNIP00000020404	99.0	S	0.0
Cint_ENSCINP00000011573	Mondom_ENSMODP00000017877	99.0	S	0.0
Cint_ENSCINP00000011573	Mmus_ENSMUSP00000033671	99.0	S	0.0
Cint_ENSCINP00000011573	Canfam_ENSCAFP00000051197	99.0	S	0.0
Cint_ENSCINP00000011573	Canfam_ENSCAFP00000018364	99.0	S	0.0
Cint_ENSCINP00000011573	Mmus_ENSMUSP00000080694	99.0	S	0.0
Cint_ENSCINP00000011573	Hsap_ENSP00000435412	99.0	S	0.0
Cint_ENSCINP00000011573	Tetnig_ENSTNIP00000003913	99.0	S	0.0
Cint_ENSCINP00000011573	Ratnor_ENSRNOP00000017809	99.0	S	0.0
Cint_ENSCINP00000011573	Galgal_ENSGALP00000071522	99.0	S	0.0
Cint_ENSCINP00000011573	Tetnig_ENSTNIP00000016804	99.0	S	0.0
Cint_ENSCINP00000011573	Drer_ENSDARP00000119149	99.0	S	0.0
Cint_ENSCINP00000011573	Ratnor_ENSRNOP00000003512	99.0	S	0.0
Cint_ENSCINP00000011573	Canfam_ENSCAFP00000019441	99.0	S	0.0
Cint_ENSCINP00000011573	Hsap_ENSP00000262752	99.0	S	0.0
Cint_ENSCINP00000011573	Mmus_ENSMUSP00000024575	99.0	S	0.0
Cint_ENSCINP00000011573	Drer_ENSDARP00000151674	99.0	S	0.0
Cint_ENSCINP00000011573	Drer_ENSDARP00000051545	99.0	S	0.0
Cint_ENSCINP00000011573	Pantro_ENSPTRP00000082053	99.0	S	0.0
Cint_ENSCINP00000011573	Galgal_ENSGALP00000050392	99.0	S	0.0
Cint_ENSCINP00000011573	Drer_ENSDARP00000107927	99.0	S	0.0
Cint_ENSCINP00000011573	Pantro_ENSPTRP00000063286	99.0	S	0.0
Cint_ENSCINP00000011573	Galgal_ENSGALP00000044826	99.0	S	0.0
Cint_ENSCINP00000011573	Pantro_ENSPTRP00000073208	99.0	S	0.0
Cint_ENSCINP00000011573	Mmus_ENSMUSP00000155405	99.0	S	0.0
Cint_ENSCINP00000011573	Pantro_ENSPTRP00000090887	99.0	S	0.0
Cint_ENSCINP00000011573	Mondom_ENSMODP00000045941	99.0	S	0.0
Cint_ENSCINP00000011573	Hsap_ENSP00000368884	99.0	S	0.0
Cint_ENSCINP00000011573	Drer_ENSDARP00000130163	99.0	S	0.0
Cint_ENSCINP00000011573	Hsap_ENSP00000487349	99.0	S	0.0
Cint_ENSCINP00000011573	Drer_ENSDARP00000044704	99.0	S	0.0
Cint_ENSCINP00000011573	Drer_ENSDARP00000133020	99.0	S	0.0
Cint_ENSCINP00000011573	Mmus_ENSMUSP00000119328	99.0	S	0.0
Cint_ENSCINP00000011573	Canfam_ENSCAFP00000025598	99.0	S	0.0
Cint_ENSCINP00000011573	Hsap_ENSP00000422435	99.0	S	0.0
Cint_ENSCINP00000011573	Galgal_ENSGALP00000011476	99.0	S	0.0
Cint_ENSCINP00000011573	Drer_ENSDARP00000155433	99.0	S	0.0
Cint_ENSCINP00000011573	Mondom_ENSMODP00000010058	99.0	S	0.0
Cint_ENSCINP00000011573	Mondom_ENSMODP00000046787	99.0	S	0.0
Nvec_EDO42276	Ratnor_ENSRNOP00000027771	98.0	S	0.0
Nvec_EDO42276	Pantro_ENSPTRP00000029317	98.0	S	0.0
Nvec_EDO42276	Mmus_ENSMUSP00000157012	98.0	S	0.0
Nvec_EDO42276	Hsap_ENSP00000422634	98.0	S	0.0
Nvec_EDO42276	Drer_ENSDARP00000099138	98.0	S	0.0
Nvec_EDO42276	Drer_ENSDARP00000108452	98.0	S	0.0
Drer_ENSDARP00000065379	Drer_ENSDARP00000011264	100.0	D	1.0
Mondom_ENSMODP00000021011	Galgal_ENSGALP00000048859	98.0	S	0.0
Mondom_ENSMODP00000021011	Ratnor_ENSRNOP00000024099	98.0	S	0.0
Mondom_ENSMODP00000021011	Mmus_ENSMUSP00000037028	98.0	S	0.0
Mondom_ENSMODP00000021011	Hsap_ENSP00000478874	98.0	S	0.0
Mondom_ENSMODP00000021011	Pantro_ENSPTRP00000003885	98.0	S	0.0
Mondom_ENSMODP00000021011	Canfam_ENSCAFP00000054783	98.0	S	0.0
Nvec_EDO42287	Mmus_ENSMUSP00000153607	98.0	S	0.0
Nvec_EDO42287	Galgal_ENSGALP00000055566	98.0	S	0.0
Nvec_EDO42287	Cele_WBGene00003400.1	98.0	S	0.0
Nvec_EDO42287	Mondom_ENSMODP00000059359	98.0	S	0.0
Nvec_EDO42287	Pantro_ENSPTRP00000084986	98.0	S	0.0
Nvec_EDO42287	Mondom_ENSMODP00000048429	98.0	S	0.0
Nvec_EDO42287	Mmus_ENSMUSP00000137333	98.0	S	0.0
Nvec_EDO42287	Ratnor_ENSRNOP00000070087	98.0	S	0.0
Nvec_EDO42287	Pantro_ENSPTRP00000017483	98.0	S	0.0
Nvec_EDO42287	Canfam_ENSCAFP00000028273	98.0	S	0.0
Nvec_EDO42287	Drer_ENSDARP00000120152	98.0	S	0.0
Nvec_EDO42287	Hsap_ENSP00000350785	98.0	S	0.0
Nvec_EDO42287	Mmus_ENSMUSP00000158747	98.0	S	0.0
Nvec_EDO42287	Tetnig_ENSTNIP00000011242	98.0	S	0.0
Nvec_EDO42287	Ratnor_ENSRNOP00000027634	98.0	S	0.0
Nvec_EDO42287	Galgal_ENSGALP00000043519	98.0	S	0.0
Nvec_EDO42287	Mondom_ENSMODP00000059615	98.0	S	0.0
Nvec_EDO42287	Tetnig_ENSTNIP00000017953	98.0	S	0.0
Nvec_EDO42287	Drer_ENSDARP00000135424	98.0	S	0.0
Nvec_EDO42287	Galgal_ENSGALP00000005269	98.0	S	0.0
Nvec_EDO42287	Galgal_ENSGALP00000069730	98.0	S	0.0
Nvec_EDO42287	Pantro_ENSPTRP00000041316	98.0	S	0.0
Nvec_EDO42287	Tetnig_ENSTNIP00000018708	98.0	S	0.0
Nvec_EDO42287	Mondom_ENSMODP00000004265	98.0	S	0.0
Nvec_EDO42287	Drer_ENSDARP00000081187	98.0	S	0.0
Nvec_EDO42287	Tetnig_ENSTNIP00000006022	98.0	S	0.0
Nvec_EDO42287	Hsap_ENSP00000442973	98.0	S	0.0
Nvec_EDO42287	Bralan_BL05289_evm1	98.0	S	0.0
Nvec_EDO42287	Canfam_ENSCAFP00000001889	98.0	S	0.0
Nvec_EDO42287	Hsap_ENSP00000484390	98.0	S	0.0
Nvec_EDO42287	Drer_ENSDARP00000044425	98.0	S	0.0
Nvec_EDO42287	Cint_ENSCINP00000034118	98.0	S	0.0
Nvec_EDO42287	Ratnor_ENSRNOP00000073577	98.0	S	0.0
Nvec_EDO42287	Canfam_ENSCAFP00000035631	98.0	S	0.0
Nvec_EDO42287	Drer_ENSDARP00000156059	98.0	S	0.0
Galgal_ENSGALP00000048859	Ratnor_ENSRNOP00000024099	60.0	S	0.0
Galgal_ENSGALP00000048859	Mmus_ENSMUSP00000037028	60.0	S	0.0
Galgal_ENSGALP00000048859	Hsap_ENSP00000478874	60.0	S	0.0
Galgal_ENSGALP00000048859	Pantro_ENSPTRP00000003885	60.0	S	0.0
Canfam_ENSCAFP00000054783	Ratnor_ENSRNOP00000024099	60.0	S	0.0
Canfam_ENSCAFP00000054783	Mmus_ENSMUSP00000037028	60.0	S	0.0
Canfam_ENSCAFP00000054783	Hsap_ENSP00000478874	60.0	S	0.0
Canfam_ENSCAFP00000054783	Pantro_ENSPTRP00000003885	60.0	S	0.0
Bralan_BL05289_evm1	Mmus_ENSMUSP00000153607	85.0	S	0.0
Bralan_BL05289_evm1	Galgal_ENSGALP00000055566	85.0	S	0.0
Bralan_BL05289_evm1	Mondom_ENSMODP00000059359	85.0	S	0.0
Bralan_BL05289_evm1	Pantro_ENSPTRP00000084986	85.0	S	0.0
Bralan_BL05289_evm1	Mondom_ENSMODP00000048429	85.0	S	0.0
Bralan_BL05289_evm1	Mmus_ENSMUSP00000137333	85.0	S	0.0
Bralan_BL05289_evm1	Ratnor_ENSRNOP00000070087	85.0	S	0.0
Bralan_BL05289_evm1	Pantro_ENSPTRP00000017483	85.0	S	0.0
Bralan_BL05289_evm1	Canfam_ENSCAFP00000028273	85.0	S	0.0
Bralan_BL05289_evm1	Drer_ENSDARP00000120152	85.0	S	0.0
Bralan_BL05289_evm1	Hsap_ENSP00000350785	85.0	S	0.0
Bralan_BL05289_evm1	Mmus_ENSMUSP00000158747	85.0	S	0.0
Bralan_BL05289_evm1	Tetnig_ENSTNIP00000011242	85.0	S	0.0
Bralan_BL05289_evm1	Ratnor_ENSRNOP00000027634	85.0	S	0.0
Bralan_BL05289_evm1	Galgal_ENSGALP00000043519	85.0	S	0.0
Bralan_BL05289_evm1	Mondom_ENSMODP00000059615	85.0	S	0.0
Bralan_BL05289_evm1	Tetnig_ENSTNIP00000017953	85.0	S	0.0
Bralan_BL05289_evm1	Drer_ENSDARP00000135424	85.0	S	0.0
Bralan_BL05289_evm1	Galgal_ENSGALP00000005269	85.0	S	0.0
Bralan_BL05289_evm1	Galgal_ENSGALP00000069730	85.0	S	0.0
Bralan_BL05289_evm1	Pantro_ENSPTRP00000041316	85.0	S	0.0
Bralan_BL05289_evm1	Tetnig_ENSTNIP00000018708	85.0	S	0.0
Bralan_BL05289_evm1	Mondom_ENSMODP00000004265	85.0	S	0.0
Bralan_BL05289_evm1	Drer_ENSDARP00000081187	85.0	S	0.0
Bralan_BL05289_evm1	Tetnig_ENSTNIP00000006022	85.0	S	0.0
Bralan_BL05289_evm1	Hsap_ENSP00000442973	85.0	S	0.0
Bralan_BL05289_evm1	Canfam_ENSCAFP00000001889	85.0	S	0.0
Bralan_BL05289_evm1	Hsap_ENSP00000484390	85.0	S	0.0
Bralan_BL05289_evm1	Drer_ENSDARP00000044425	85.0	S	0.0
Bralan_BL05289_evm1	Cint_ENSCINP00000034118	85.0	S	0.0
Bralan_BL05289_evm1	Ratnor_ENSRNOP00000073577	85.0	S	0.0
Bralan_BL05289_evm1	Canfam_ENSCAFP00000035631	85.0	S	0.0
Bralan_BL05289_evm1	Drer_ENSDARP00000156059	85.0	S	0.0
Cele_WBGene00003400.1	Mmus_ENSMUSP00000153607	85.0	S	0.0
Cele_WBGene00003400.1	Galgal_ENSGALP00000055566	85.0	S	0.0
Cele_WBGene00003400.1	Mondom_ENSMODP00000059359	85.0	S	0.0
Cele_WBGene00003400.1	Pantro_ENSPTRP00000084986	85.0	S	0.0
Cele_WBGene00003400.1	Mondom_ENSMODP00000048429	85.0	S	0.0
Cele_WBGene00003400.1	Mmus_ENSMUSP00000137333	85.0	S	0.0
Cele_WBGene00003400.1	Ratnor_ENSRNOP00000070087	85.0	S	0.0
Cele_WBGene00003400.1	Pantro_ENSPTRP00000017483	85.0	S	0.0
Cele_WBGene00003400.1	Canfam_ENSCAFP00000028273	85.0	S	0.0
Cele_WBGene00003400.1	Drer_ENSDARP00000120152	85.0	S	0.0
Cele_WBGene00003400.1	Hsap_ENSP00000350785	85.0	S	0.0
Cele_WBGene00003400.1	Mmus_ENSMUSP00000158747	85.0	S	0.0
Cele_WBGene00003400.1	Tetnig_ENSTNIP00000011242	85.0	S	0.0
Cele_WBGene00003400.1	Ratnor_ENSRNOP00000027634	85.0	S	0.0
Cele_WBGene00003400.1	Galgal_ENSGALP00000043519	85.0	S	0.0
Cele_WBGene00003400.1	Mondom_ENSMODP00000059615	85.0	S	0.0
Cele_WBGene00003400.1	Tetnig_ENSTNIP00000017953	85.0	S	0.0
Cele_WBGene00003400.1	Drer_ENSDARP00000135424	85.0	S	0.0
Cele_WBGene00003400.1	Galgal_ENSGALP00000005269	85.0	S	0.0
Cele_WBGene00003400.1	Galgal_ENSGALP00000069730	85.0	S	0.0
Cele_WBGene00003400.1	Pantro_ENSPTRP00000041316	85.0	S	0.0
Cele_WBGene00003400.1	Tetnig_ENSTNIP00000018708	85.0	S	0.0
Cele_WBGene00003400.1	Mondom_ENSMODP00000004265	85.0	S	0.0
Cele_WBGene00003400.1	Drer_ENSDARP00000081187	85.0	S	0.0
Cele_WBGene00003400.1	Tetnig_ENSTNIP00000006022	85.0	S	0.0
Cele_WBGene00003400.1	Hsap_ENSP00000442973	85.0	S	0.0
Cele_WBGene00003400.1	Canfam_ENSCAFP00000001889	85.0	S	0.0
Cele_WBGene00003400.1	Hsap_ENSP00000484390	85.0	S	0.0
Cele_WBGene00003400.1	Drer_ENSDARP00000044425	85.0	S	0.0
Cele_WBGene00003400.1	Cint_ENSCINP00000034118	85.0	S	0.0
Cele_WBGene00003400.1	Ratnor_ENSRNOP00000073577	85.0	S	0.0
Cele_WBGene00003400.1	Canfam_ENSCAFP00000035631	85.0	S	0.0
Cele_WBGene00003400.1	Drer_ENSDARP00000156059	85.0	S	0.0
Nvec_EDO43755	Mmus_ENSMUSP00000087714	100.0	S	0.0
Nvec_EDO43755	Galgal_ENSGALP00000045938	100.0	S	0.0
Nvec_EDO43755	Hsap_ENSP00000353109	100.0	S	0.0
Nvec_EDO43755	Ratnor_ENSRNOP00000039072	100.0	S	0.0
Nvec_EDO43755	Drer_ENSDARP00000081489	100.0	S	0.0
Nvec_EDO43755	Canfam_ENSCAFP00000018209	100.0	S	0.0
Nvec_EDO43755	Canfam_ENSCAFP00000013586	100.0	S	0.0
Nvec_EDO43755	Drer_ENSDARP00000147527	100.0	S	0.0
Nvec_EDO43755	Tetnig_ENSTNIP00000004704	100.0	S	0.0
Nvec_EDO43755	Drer_ENSDARP00000000382	100.0	S	0.0
Nvec_EDO43755	Ratnor_ENSRNOP00000016784	100.0	S	0.0
Nvec_EDO43755	Pantro_ENSPTRP00000028715	100.0	S	0.0
Nvec_EDO43755	Mondom_ENSMODP00000056141	100.0	S	0.0
Nvec_EDO43755	Mmus_ENSMUSP00000076088	100.0	S	0.0
Nvec_EDO43755	Tetnig_ENSTNIP00000018724	100.0	S	0.0
Nvec_EDO43755	Tetnig_ENSTNIP00000022320	100.0	S	0.0
Nvec_EDO43755	Hsap_ENSP00000339299	100.0	S	0.0
Nvec_EDO43755	Galgal_ENSGALP00000055501	100.0	S	0.0
Nvec_EDO43755	Pantro_ENSPTRP00000085473	100.0	S	0.0
Nvec_EDO37024	Drer_ENSDARP00000152543	53.0	S	0.0
Nvec_EDO37024	Cint_ENSCINP00000027245	53.0	S	0.0
Nvec_EDO37024	Canfam_ENSCAFP00000005183	53.0	S	0.0
Nvec_EDO37024	Drer_ENSDARP00000067763	53.0	S	0.0
Nvec_EDO37024	Hsap_ENSP00000263955	53.0	S	0.0
Nvec_EDO37024	Hsap_ENSP00000319192	53.0	S	0.0
Nvec_EDO37024	Tetnig_ENSTNIP00000021009	53.0	S	0.0
Nvec_EDO37024	Dmel_FBpp0309256	53.0	S	0.0
Nvec_EDO37024	Tetnig_ENSTNIP00000014654	53.0	S	0.0
Nvec_EDO37024	Sman_Smp_018290	53.0	S	0.0
Nvec_EDO37024	Mondom_ENSMODP00000015177	53.0	S	0.0
Nvec_EDO37024	Drer_ENSDARP00000010065	53.0	S	0.0
Nvec_EDO37024	Mmus_ENSMUSP00000027263	53.0	S	0.0
Nvec_EDO37024	Ratnor_ENSRNOP00000016857	53.0	S	0.0
Nvec_EDO37024	Canfam_ENSCAFP00000015677	53.0	S	0.0
Nvec_EDO37024	Galgal_ENSGALP00000056836	53.0	S	0.0
Nvec_EDO37024	Pantro_ENSPTRP00000021817	53.0	S	0.0
Nvec_EDO37024	Pantro_ENSPTRP00000032664	53.0	S	0.0
Nvec_EDO37024	Drer_ENSDARP00000005376	53.0	S	0.0
Nvec_EDO37024	Tetnig_ENSTNIP00000022142	53.0	S	0.0
Nvec_EDO37024	Galgal_ENSGALP00000066262	53.0	S	0.0
Nvec_EDO37024	Sman_Smp_165210	53.0	S	0.0
Dmel_FBpp0112375	Mmus_ENSMUSP00000084361	97.0	S	0.0
Dmel_FBpp0112375	Drer_ENSDARP00000139505	97.0	S	0.0
Dmel_FBpp0112375	Tetnig_ENSTNIP00000018604	97.0	S	0.0
Dmel_FBpp0112375	Hsap_ENSP00000311684	97.0	S	0.0
Dmel_FBpp0112375	Galgal_ENSGALP00000066282	97.0	S	0.0
Dmel_FBpp0112375	Mondom_ENSMODP00000018951	97.0	S	0.0
Dmel_FBpp0112375	Tetnig_ENSTNIP00000011176	97.0	S	0.0
Dmel_FBpp0112375	Mmus_ENSMUSP00000158795	97.0	S	0.0
Dmel_FBpp0112375	Mondom_ENSMODP00000047159	97.0	S	0.0
Dmel_FBpp0112375	Drer_ENSDARP00000114723	97.0	S	0.0
Dmel_FBpp0112375	Pantro_ENSPTRP00000068118	97.0	S	0.0
Dmel_FBpp0112375	Canfam_ENSCAFP00000022838	97.0	S	0.0
Dmel_FBpp0112375	Drer_ENSDARP00000112989	97.0	S	0.0
Dmel_FBpp0112375	Ratnor_ENSRNOP00000074671	97.0	S	0.0
Dmel_FBpp0112375	Hsap_ENSP00000355668	97.0	S	0.0
Dmel_FBpp0112375	Pantro_ENSPTRP00000022133	97.0	S	0.0
Dmel_FBpp0112375	Ratnor_ENSRNOP00000026941	97.0	S	0.0
Dmel_FBpp0112375	Drer_ENSDARP00000063576	97.0	S	0.0
Cele_WBGene00006820.1	Mmus_ENSMUSP00000084361	97.0	S	0.0
Cele_WBGene00006820.1	Drer_ENSDARP00000139505	97.0	S	0.0
Cele_WBGene00006820.1	Tetnig_ENSTNIP00000018604	97.0	S	0.0
Cele_WBGene00006820.1	Hsap_ENSP00000311684	97.0	S	0.0
Cele_WBGene00006820.1	Galgal_ENSGALP00000066282	97.0	S	0.0
Cele_WBGene00006820.1	Mondom_ENSMODP00000018951	97.0	S	0.0
Cele_WBGene00006820.1	Tetnig_ENSTNIP00000011176	97.0	S	0.0
Cele_WBGene00006820.1	Mmus_ENSMUSP00000158795	97.0	S	0.0
Cele_WBGene00006820.1	Mondom_ENSMODP00000047159	97.0	S	0.0
Cele_WBGene00006820.1	Drer_ENSDARP00000114723	97.0	S	0.0
Cele_WBGene00006820.1	Pantro_ENSPTRP00000068118	97.0	S	0.0
Cele_WBGene00006820.1	Canfam_ENSCAFP00000022838	97.0	S	0.0
Cele_WBGene00006820.1	Drer_ENSDARP00000112989	97.0	S	0.0
Cele_WBGene00006820.1	Ratnor_ENSRNOP00000074671	97.0	S	0.0
Cele_WBGene00006820.1	Hsap_ENSP00000355668	97.0	S	0.0
Cele_WBGene00006820.1	Pantro_ENSPTRP00000022133	97.0	S	0.0
Cele_WBGene00006820.1	Ratnor_ENSRNOP00000026941	97.0	S	0.0
Cele_WBGene00006820.1	Drer_ENSDARP00000063576	97.0	S	0.0
Tetnig_ENSTNIP00000019261	Pantro_ENSPTRP00000066171	100.0	S	0.0
Tetnig_ENSTNIP00000019261	Hsap_ENSP00000333896	100.0	S	0.0
Tetnig_ENSTNIP00000019261	Canfam_ENSCAFP00000065419	100.0	S	0.0
Tetnig_ENSTNIP00000019261	Pantro_ENSPTRP00000006610	100.0	S	0.0
Tetnig_ENSTNIP00000019261	Mmus_ENSMUSP00000157597	100.0	S	0.0
Tetnig_ENSTNIP00000019261	Ratnor_ENSRNOP00000028678	100.0	S	0.0
Drer_ENSDARP00000065261	Pantro_ENSPTRP00000066171	100.0	S	0.0
Drer_ENSDARP00000065261	Hsap_ENSP00000333896	100.0	S	0.0
Drer_ENSDARP00000065261	Canfam_ENSCAFP00000065419	100.0	S	0.0
Drer_ENSDARP00000065261	Pantro_ENSPTRP00000006610	100.0	S	0.0
Drer_ENSDARP00000065261	Mmus_ENSMUSP00000157597	100.0	S	0.0
Drer_ENSDARP00000065261	Ratnor_ENSRNOP00000028678	100.0	S	0.0
Tetnig_ENSTNIP00000022487	Pantro_ENSPTRP00000066061	100.0	S	0.0
Tetnig_ENSTNIP00000022487	Ratnor_ENSRNOP00000072518	100.0	S	0.0
Tetnig_ENSTNIP00000022487	Hsap_ENSP00000479667	100.0	S	0.0
Tetnig_ENSTNIP00000022487	Mmus_ENSMUSP00000042987	100.0	S	0.0
Tetnig_ENSTNIP00000022487	Canfam_ENSCAFP00000025865	100.0	S	0.0
Tetnig_ENSTNIP00000022487	Mondom_ENSMODP00000003191	100.0	S	0.0
Tetnig_ENSTNIP00000022487	Galgal_ENSGALP00000057790	100.0	S	0.0
Drer_ENSDARP00000079873	Pantro_ENSPTRP00000066061	100.0	S	0.0
Drer_ENSDARP00000079873	Ratnor_ENSRNOP00000072518	100.0	S	0.0
Drer_ENSDARP00000079873	Hsap_ENSP00000479667	100.0	S	0.0
Drer_ENSDARP00000079873	Mmus_ENSMUSP00000042987	100.0	S	0.0
Drer_ENSDARP00000079873	Canfam_ENSCAFP00000025865	100.0	S	0.0
Drer_ENSDARP00000079873	Mondom_ENSMODP00000003191	100.0	S	0.0
Drer_ENSDARP00000079873	Galgal_ENSGALP00000057790	100.0	S	0.0
Drer_ENSDARP00000155433	Canfam_ENSCAFP00000025598	100.0	S	0.0
Drer_ENSDARP00000155433	Mondom_ENSMODP00000017877	100.0	S	0.0
Drer_ENSDARP00000155433	Ratnor_ENSRNOP00000003512	100.0	S	0.0
Drer_ENSDARP00000155433	Mmus_ENSMUSP00000080694	100.0	S	0.0
Drer_ENSDARP00000155433	Galgal_ENSGALP00000011476	100.0	S	0.0
Drer_ENSDARP00000155433	Hsap_ENSP00000262752	100.0	S	0.0
Drer_ENSDARP00000155433	Pantro_ENSPTRP00000073208	100.0	S	0.0
Drer_ENSDARP00000155433	Mmus_ENSMUSP00000155405	100.0	S	0.0
Drer_ENSDARP00000130163	Canfam_ENSCAFP00000025598	100.0	S	0.0
Drer_ENSDARP00000130163	Mondom_ENSMODP00000017877	100.0	S	0.0
Drer_ENSDARP00000130163	Ratnor_ENSRNOP00000003512	100.0	S	0.0
Drer_ENSDARP00000130163	Mmus_ENSMUSP00000080694	100.0	S	0.0
Drer_ENSDARP00000130163	Galgal_ENSGALP00000011476	100.0	S	0.0
Drer_ENSDARP00000130163	Hsap_ENSP00000262752	100.0	S	0.0
Drer_ENSDARP00000130163	Pantro_ENSPTRP00000073208	100.0	S	0.0
Drer_ENSDARP00000130163	Mmus_ENSMUSP00000155405	100.0	S	0.0
Tetnig_ENSTNIP00000003913	Canfam_ENSCAFP00000025598	100.0	S	0.0
Tetnig_ENSTNIP00000003913	Mondom_ENSMODP00000017877	100.0	S	0.0
Tetnig_ENSTNIP00000003913	Ratnor_ENSRNOP00000003512	100.0	S	0.0
Tetnig_ENSTNIP00000003913	Mmus_ENSMUSP00000080694	100.0	S	0.0
Tetnig_ENSTNIP00000003913	Galgal_ENSGALP00000011476	100.0	S	0.0
Tetnig_ENSTNIP00000003913	Hsap_ENSP00000262752	100.0	S	0.0
Tetnig_ENSTNIP00000003913	Pantro_ENSPTRP00000073208	100.0	S	0.0
Tetnig_ENSTNIP00000003913	Mmus_ENSMUSP00000155405	100.0	S	0.0
Drer_ENSDARP00000108452	Hsap_ENSP00000422634	100.0	S	0.0
Drer_ENSDARP00000108452	Ratnor_ENSRNOP00000027771	100.0	S	0.0
Drer_ENSDARP00000108452	Pantro_ENSPTRP00000029317	100.0	S	0.0
Drer_ENSDARP00000108452	Mmus_ENSMUSP00000157012	100.0	S	0.0
Canfam_ENSCAFP00000054783	Galgal_ENSGALP00000048859	79.0	S	0.0
Hsap_ENSP00000478874	Ratnor_ENSRNOP00000024099	98.0	S	0.0
Hsap_ENSP00000478874	Mmus_ENSMUSP00000037028	98.0	S	0.0
Pantro_ENSPTRP00000003885	Ratnor_ENSRNOP00000024099	98.0	S	0.0
Pantro_ENSPTRP00000003885	Mmus_ENSMUSP00000037028	98.0	S	0.0
Cele_WBGene00003400.1	Bralan_BL05289_evm1	81.0	S	0.0
Cint_ENSCINP00000034118	Mmus_ENSMUSP00000153607	98.0	S	0.0
Cint_ENSCINP00000034118	Galgal_ENSGALP00000055566	98.0	S	0.0
Cint_ENSCINP00000034118	Mondom_ENSMODP00000059359	98.0	S	0.0
Cint_ENSCINP00000034118	Pantro_ENSPTRP00000084986	98.0	S	0.0
Cint_ENSCINP00000034118	Mondom_ENSMODP00000048429	98.0	S	0.0
Cint_ENSCINP00000034118	Mmus_ENSMUSP00000137333	98.0	S	0.0
Cint_ENSCINP00000034118	Ratnor_ENSRNOP00000070087	98.0	S	0.0
Cint_ENSCINP00000034118	Pantro_ENSPTRP00000017483	98.0	S	0.0
Cint_ENSCINP00000034118	Canfam_ENSCAFP00000028273	98.0	S	0.0
Cint_ENSCINP00000034118	Drer_ENSDARP00000120152	98.0	S	0.0
Cint_ENSCINP00000034118	Hsap_ENSP00000350785	98.0	S	0.0
Cint_ENSCINP00000034118	Mmus_ENSMUSP00000158747	98.0	S	0.0
Cint_ENSCINP00000034118	Tetnig_ENSTNIP00000011242	98.0	S	0.0
Cint_ENSCINP00000034118	Ratnor_ENSRNOP00000027634	98.0	S	0.0
Cint_ENSCINP00000034118	Galgal_ENSGALP00000043519	98.0	S	0.0
Cint_ENSCINP00000034118	Mondom_ENSMODP00000059615	98.0	S	0.0
Cint_ENSCINP00000034118	Tetnig_ENSTNIP00000017953	98.0	S	0.0
Cint_ENSCINP00000034118	Drer_ENSDARP00000135424	98.0	S	0.0
Cint_ENSCINP00000034118	Galgal_ENSGALP00000005269	98.0	S	0.0
Cint_ENSCINP00000034118	Galgal_ENSGALP00000069730	98.0	S	0.0
Cint_ENSCINP00000034118	Pantro_ENSPTRP00000041316	98.0	S	0.0
Cint_ENSCINP00000034118	Tetnig_ENSTNIP00000018708	98.0	S	0.0
Cint_ENSCINP00000034118	Mondom_ENSMODP00000004265	98.0	S	0.0
Cint_ENSCINP00000034118	Drer_ENSDARP00000081187	98.0	S	0.0
Cint_ENSCINP00000034118	Tetnig_ENSTNIP00000006022	98.0	S	0.0
Cint_ENSCINP00000034118	Hsap_ENSP00000442973	98.0	S	0.0
Cint_ENSCINP00000034118	Canfam_ENSCAFP00000001889	98.0	S	0.0
Cint_ENSCINP00000034118	Hsap_ENSP00000484390	98.0	S	0.0
Cint_ENSCINP00000034118	Drer_ENSDARP00000044425	98.0	S	0.0
Cint_ENSCINP00000034118	Ratnor_ENSRNOP00000073577	98.0	S	0.0
Cint_ENSCINP00000034118	Canfam_ENSCAFP00000035631	98.0	S	0.0
Cint_ENSCINP00000034118	Drer_ENSDARP00000156059	98.0	S	0.0
Sman_Smp_018290	Drer_ENSDARP00000152543	100.0	S	0.0
Sman_Smp_018290	Tetnig_ENSTNIP00000014654	100.0	S	0.0
Sman_Smp_018290	Mondom_ENSMODP00000015177	100.0	S	0.0
Sman_Smp_018290	Canfam_ENSCAFP00000015677	100.0	S	0.0
Sman_Smp_018290	Drer_ENSDARP00000010065	100.0	S	0.0
Sman_Smp_018290	Drer_ENSDARP00000067763	100.0	S	0.0
Sman_Smp_018290	Canfam_ENSCAFP00000005183	100.0	S	0.0
Sman_Smp_018290	Drer_ENSDARP00000005376	100.0	S	0.0
Sman_Smp_018290	Mmus_ENSMUSP00000027263	100.0	S	0.0
Sman_Smp_018290	Pantro_ENSPTRP00000032664	100.0	S	0.0
Sman_Smp_018290	Hsap_ENSP00000263955	100.0	S	0.0
Sman_Smp_018290	Tetnig_ENSTNIP00000022142	100.0	S	0.0
Sman_Smp_018290	Ratnor_ENSRNOP00000016857	100.0	S	0.0
Sman_Smp_018290	Hsap_ENSP00000319192	100.0	S	0.0
Sman_Smp_018290	Galgal_ENSGALP00000066262	100.0	S	0.0
Sman_Smp_018290	Galgal_ENSGALP00000056836	100.0	S	0.0
Sman_Smp_018290	Tetnig_ENSTNIP00000021009	100.0	S	0.0
Sman_Smp_018290	Pantro_ENSPTRP00000021817	100.0	S	0.0
Sman_Smp_165210	Drer_ENSDARP00000152543	100.0	S	0.0
Sman_Smp_165210	Tetnig_ENSTNIP00000014654	100.0	S	0.0
Sman_Smp_165210	Mondom_ENSMODP00000015177	100.0	S	0.0
Sman_Smp_165210	Canfam_ENSCAFP00000015677	100.0	S	0.0
Sman_Smp_165210	Drer_ENSDARP00000010065	100.0	S	0.0
Sman_Smp_165210	Drer_ENSDARP00000067763	100.0	S	0.0
Sman_Smp_165210	Canfam_ENSCAFP00000005183	100.0	S	0.0
Sman_Smp_165210	Drer_ENSDARP00000005376	100.0	S	0.0
Sman_Smp_165210	Mmus_ENSMUSP00000027263	100.0	S	0.0
Sman_Smp_165210	Pantro_ENSPTRP00000032664	100.0	S	0.0
Sman_Smp_165210	Hsap_ENSP00000263955	100.0	S	0.0
Sman_Smp_165210	Tetnig_ENSTNIP00000022142	100.0	S	0.0
Sman_Smp_165210	Ratnor_ENSRNOP00000016857	100.0	S	0.0
Sman_Smp_165210	Hsap_ENSP00000319192	100.0	S	0.0
Sman_Smp_165210	Galgal_ENSGALP00000066262	100.0	S	0.0
Sman_Smp_165210	Galgal_ENSGALP00000056836	100.0	S	0.0
Sman_Smp_165210	Tetnig_ENSTNIP00000021009	100.0	S	0.0
Sman_Smp_165210	Pantro_ENSPTRP00000021817	100.0	S	0.0
Cint_ENSCINP00000027245	Drer_ENSDARP00000152543	100.0	S	0.0
Cint_ENSCINP00000027245	Tetnig_ENSTNIP00000014654	100.0	S	0.0
Cint_ENSCINP00000027245	Mondom_ENSMODP00000015177	100.0	S	0.0
Cint_ENSCINP00000027245	Canfam_ENSCAFP00000015677	100.0	S	0.0
Cint_ENSCINP00000027245	Drer_ENSDARP00000010065	100.0	S	0.0
Cint_ENSCINP00000027245	Drer_ENSDARP00000067763	100.0	S	0.0
Cint_ENSCINP00000027245	Canfam_ENSCAFP00000005183	100.0	S	0.0
Cint_ENSCINP00000027245	Drer_ENSDARP00000005376	100.0	S	0.0
Cint_ENSCINP00000027245	Mmus_ENSMUSP00000027263	100.0	S	0.0
Cint_ENSCINP00000027245	Pantro_ENSPTRP00000032664	100.0	S	0.0
Cint_ENSCINP00000027245	Hsap_ENSP00000263955	100.0	S	0.0
Cint_ENSCINP00000027245	Tetnig_ENSTNIP00000022142	100.0	S	0.0
Cint_ENSCINP00000027245	Ratnor_ENSRNOP00000016857	100.0	S	0.0
Cint_ENSCINP00000027245	Hsap_ENSP00000319192	100.0	S	0.0
Cint_ENSCINP00000027245	Galgal_ENSGALP00000066262	100.0	S	0.0
Cint_ENSCINP00000027245	Galgal_ENSGALP00000056836	100.0	S	0.0
Cint_ENSCINP00000027245	Tetnig_ENSTNIP00000021009	100.0	S	0.0
Cint_ENSCINP00000027245	Pantro_ENSPTRP00000021817	100.0	S	0.0
Dmel_FBpp0309256	Drer_ENSDARP00000152543	100.0	S	0.0
Dmel_FBpp0309256	Tetnig_ENSTNIP00000014654	100.0	S	0.0
Dmel_FBpp0309256	Mondom_ENSMODP00000015177	100.0	S	0.0
Dmel_FBpp0309256	Canfam_ENSCAFP00000015677	100.0	S	0.0
Dmel_FBpp0309256	Drer_ENSDARP00000010065	100.0	S	0.0
Dmel_FBpp0309256	Drer_ENSDARP00000067763	100.0	S	0.0
Dmel_FBpp0309256	Canfam_ENSCAFP00000005183	100.0	S	0.0
Dmel_FBpp0309256	Drer_ENSDARP00000005376	100.0	S	0.0
Dmel_FBpp0309256	Mmus_ENSMUSP00000027263	100.0	S	0.0
Dmel_FBpp0309256	Pantro_ENSPTRP00000032664	100.0	S	0.0
Dmel_FBpp0309256	Hsap_ENSP00000263955	100.0	S	0.0
Dmel_FBpp0309256	Tetnig_ENSTNIP00000022142	100.0	S	0.0
Dmel_FBpp0309256	Ratnor_ENSRNOP00000016857	100.0	S	0.0
Dmel_FBpp0309256	Hsap_ENSP00000319192	100.0	S	0.0
Dmel_FBpp0309256	Galgal_ENSGALP00000066262	100.0	S	0.0
Dmel_FBpp0309256	Galgal_ENSGALP00000056836	100.0	S	0.0
Dmel_FBpp0309256	Tetnig_ENSTNIP00000021009	100.0	S	0.0
Dmel_FBpp0309256	Pantro_ENSPTRP00000021817	100.0	S	0.0
Dmel_FBpp0112375	Cele_WBGene00006820.1	93.0	S	0.0
Drer_ENSDARP00000065261	Tetnig_ENSTNIP00000019261	100.0	S	0.0
Ratnor_ENSRNOP00000028678	Hsap_ENSP00000333896	100.0	S	0.0
Ratnor_ENSRNOP00000028678	Pantro_ENSPTRP00000066171	100.0	S	0.0
Ratnor_ENSRNOP00000028678	Pantro_ENSPTRP00000006610	100.0	S	0.0
Ratnor_ENSRNOP00000028678	Canfam_ENSCAFP00000065419	100.0	S	0.0
Mmus_ENSMUSP00000157597	Hsap_ENSP00000333896	100.0	S	0.0
Mmus_ENSMUSP00000157597	Pantro_ENSPTRP00000066171	100.0	S	0.0
Mmus_ENSMUSP00000157597	Pantro_ENSPTRP00000006610	100.0	S	0.0
Mmus_ENSMUSP00000157597	Canfam_ENSCAFP00000065419	100.0	S	0.0
Tetnig_ENSTNIP00000022487	Drer_ENSDARP00000079873	100.0	S	0.0
Galgal_ENSGALP00000057790	Pantro_ENSPTRP00000066061	100.0	S	0.0
Galgal_ENSGALP00000057790	Ratnor_ENSRNOP00000072518	100.0	S	0.0
Galgal_ENSGALP00000057790	Hsap_ENSP00000479667	100.0	S	0.0
Galgal_ENSGALP00000057790	Mmus_ENSMUSP00000042987	100.0	S	0.0
Galgal_ENSGALP00000057790	Canfam_ENSCAFP00000025865	100.0	S	0.0
Galgal_ENSGALP00000057790	Mondom_ENSMODP00000003191	100.0	S	0.0
Tetnig_ENSTNIP00000003913	Drer_ENSDARP00000155433	100.0	S	0.0
Tetnig_ENSTNIP00000003913	Drer_ENSDARP00000130163	100.0	S	0.0
Galgal_ENSGALP00000011476	Canfam_ENSCAFP00000025598	100.0	S	0.0
Galgal_ENSGALP00000011476	Mondom_ENSMODP00000017877	100.0	S	0.0
Galgal_ENSGALP00000011476	Ratnor_ENSRNOP00000003512	100.0	S	0.0
Galgal_ENSGALP00000011476	Mmus_ENSMUSP00000080694	100.0	S	0.0
Galgal_ENSGALP00000011476	Hsap_ENSP00000262752	100.0	S	0.0
Galgal_ENSGALP00000011476	Pantro_ENSPTRP00000073208	100.0	S	0.0
Galgal_ENSGALP00000011476	Mmus_ENSMUSP00000155405	100.0	S	0.0
Drer_ENSDARP00000107927	Pantro_ENSPTRP00000082053	100.0	S	0.0
Drer_ENSDARP00000107927	Hsap_ENSP00000368884	100.0	S	0.0
Drer_ENSDARP00000107927	Ratnor_ENSRNOP00000008938	100.0	S	0.0
Drer_ENSDARP00000107927	Mmus_ENSMUSP00000033671	100.0	S	0.0
Drer_ENSDARP00000107927	Galgal_ENSGALP00000044826	100.0	S	0.0
Drer_ENSDARP00000107927	Canfam_ENSCAFP00000019441	100.0	S	0.0
Drer_ENSDARP00000107927	Mondom_ENSMODP00000010058	100.0	S	0.0
Drer_ENSDARP00000051545	Pantro_ENSPTRP00000082053	100.0	S	0.0
Drer_ENSDARP00000051545	Hsap_ENSP00000368884	100.0	S	0.0
Drer_ENSDARP00000051545	Ratnor_ENSRNOP00000008938	100.0	S	0.0
Drer_ENSDARP00000051545	Mmus_ENSMUSP00000033671	100.0	S	0.0
Drer_ENSDARP00000051545	Galgal_ENSGALP00000044826	100.0	S	0.0
Drer_ENSDARP00000051545	Canfam_ENSCAFP00000019441	100.0	S	0.0
Drer_ENSDARP00000051545	Mondom_ENSMODP00000010058	100.0	S	0.0
Drer_ENSDARP00000119149	Pantro_ENSPTRP00000082053	100.0	S	0.0
Drer_ENSDARP00000119149	Hsap_ENSP00000368884	100.0	S	0.0
Drer_ENSDARP00000119149	Ratnor_ENSRNOP00000008938	100.0	S	0.0
Drer_ENSDARP00000119149	Mmus_ENSMUSP00000033671	100.0	S	0.0
Drer_ENSDARP00000119149	Galgal_ENSGALP00000044826	100.0	S	0.0
Drer_ENSDARP00000119149	Canfam_ENSCAFP00000019441	100.0	S	0.0
Drer_ENSDARP00000119149	Mondom_ENSMODP00000010058	100.0	S	0.0
Drer_ENSDARP00000133020	Pantro_ENSPTRP00000082053	100.0	S	0.0
Drer_ENSDARP00000133020	Hsap_ENSP00000368884	100.0	S	0.0
Drer_ENSDARP00000133020	Ratnor_ENSRNOP00000008938	100.0	S	0.0
Drer_ENSDARP00000133020	Mmus_ENSMUSP00000033671	100.0	S	0.0
Drer_ENSDARP00000133020	Galgal_ENSGALP00000044826	100.0	S	0.0
Drer_ENSDARP00000133020	Canfam_ENSCAFP00000019441	100.0	S	0.0
Drer_ENSDARP00000133020	Mondom_ENSMODP00000010058	100.0	S	0.0
Ratnor_ENSRNOP00000027771	Hsap_ENSP00000422634	100.0	S	0.0
Ratnor_ENSRNOP00000027771	Pantro_ENSPTRP00000029317	100.0	S	0.0
Mmus_ENSMUSP00000157012	Hsap_ENSP00000422634	100.0	S	0.0
Mmus_ENSMUSP00000157012	Pantro_ENSPTRP00000029317	100.0	S	0.0
Hsap_ENSP00000478874	Pantro_ENSPTRP00000003885	73.0	S	0.0
Mmus_ENSMUSP00000037028	Ratnor_ENSRNOP00000024099	100.0	S	0.0
Drer_ENSDARP00000081489	Mmus_ENSMUSP00000087714	100.0	S	0.0
Drer_ENSDARP00000081489	Galgal_ENSGALP00000045938	100.0	S	0.0
Drer_ENSDARP00000081489	Canfam_ENSCAFP00000013586	100.0	S	0.0
Drer_ENSDARP00000081489	Ratnor_ENSRNOP00000016784	100.0	S	0.0
Drer_ENSDARP00000081489	Pantro_ENSPTRP00000028715	100.0	S	0.0
Drer_ENSDARP00000081489	Hsap_ENSP00000339299	100.0	S	0.0
Tetnig_ENSTNIP00000022320	Mmus_ENSMUSP00000087714	100.0	S	0.0
Tetnig_ENSTNIP00000022320	Galgal_ENSGALP00000045938	100.0	S	0.0
Tetnig_ENSTNIP00000022320	Canfam_ENSCAFP00000013586	100.0	S	0.0
Tetnig_ENSTNIP00000022320	Ratnor_ENSRNOP00000016784	100.0	S	0.0
Tetnig_ENSTNIP00000022320	Pantro_ENSPTRP00000028715	100.0	S	0.0
Tetnig_ENSTNIP00000022320	Hsap_ENSP00000339299	100.0	S	0.0
Drer_ENSDARP00000000382	Mmus_ENSMUSP00000087714	100.0	S	0.0
Drer_ENSDARP00000000382	Galgal_ENSGALP00000045938	100.0	S	0.0
Drer_ENSDARP00000000382	Canfam_ENSCAFP00000013586	100.0	S	0.0
Drer_ENSDARP00000000382	Ratnor_ENSRNOP00000016784	100.0	S	0.0
Drer_ENSDARP00000000382	Pantro_ENSPTRP00000028715	100.0	S	0.0
Drer_ENSDARP00000000382	Hsap_ENSP00000339299	100.0	S	0.0
Tetnig_ENSTNIP00000018724	Hsap_ENSP00000353109	100.0	S	0.0
Tetnig_ENSTNIP00000018724	Ratnor_ENSRNOP00000039072	100.0	S	0.0
Tetnig_ENSTNIP00000018724	Canfam_ENSCAFP00000018209	100.0	S	0.0
Tetnig_ENSTNIP00000018724	Mondom_ENSMODP00000056141	100.0	S	0.0
Tetnig_ENSTNIP00000018724	Mmus_ENSMUSP00000076088	100.0	S	0.0
Tetnig_ENSTNIP00000018724	Pantro_ENSPTRP00000085473	100.0	S	0.0
Tetnig_ENSTNIP00000018724	Galgal_ENSGALP00000055501	100.0	S	0.0
Drer_ENSDARP00000147527	Hsap_ENSP00000353109	100.0	S	0.0
Drer_ENSDARP00000147527	Ratnor_ENSRNOP00000039072	100.0	S	0.0
Drer_ENSDARP00000147527	Canfam_ENSCAFP00000018209	100.0	S	0.0
Drer_ENSDARP00000147527	Mondom_ENSMODP00000056141	100.0	S	0.0
Drer_ENSDARP00000147527	Mmus_ENSMUSP00000076088	100.0	S	0.0
Drer_ENSDARP00000147527	Pantro_ENSPTRP00000085473	100.0	S	0.0
Drer_ENSDARP00000147527	Galgal_ENSGALP00000055501	100.0	S	0.0
Tetnig_ENSTNIP00000004704	Hsap_ENSP00000353109	100.0	S	0.0
Tetnig_ENSTNIP00000004704	Ratnor_ENSRNOP00000039072	100.0	S	0.0
Tetnig_ENSTNIP00000004704	Canfam_ENSCAFP00000018209	100.0	S	0.0
Tetnig_ENSTNIP00000004704	Mondom_ENSMODP00000056141	100.0	S	0.0
Tetnig_ENSTNIP00000004704	Mmus_ENSMUSP00000076088	100.0	S	0.0
Tetnig_ENSTNIP00000004704	Pantro_ENSPTRP00000085473	100.0	S	0.0
Tetnig_ENSTNIP00000004704	Galgal_ENSGALP00000055501	100.0	S	0.0
Cint_ENSCINP00000027245	Sman_Smp_165210	54.0	S	0.0
Cint_ENSCINP00000027245	Sman_Smp_018290	54.0	S	0.0
Cint_ENSCINP00000027245	Dmel_FBpp0309256	54.0	S	0.0
Drer_ENSDARP00000063576	Mmus_ENSMUSP00000158795	100.0	S	0.0
Drer_ENSDARP00000063576	Mondom_ENSMODP00000047159	100.0	S	0.0
Drer_ENSDARP00000063576	Pantro_ENSPTRP00000068118	100.0	S	0.0
Drer_ENSDARP00000063576	Ratnor_ENSRNOP00000074671	100.0	S	0.0
Drer_ENSDARP00000063576	Hsap_ENSP00000355668	100.0	S	0.0
Tetnig_ENSTNIP00000018604	Mmus_ENSMUSP00000158795	100.0	S	0.0
Tetnig_ENSTNIP00000018604	Mondom_ENSMODP00000047159	100.0	S	0.0
Tetnig_ENSTNIP00000018604	Pantro_ENSPTRP00000068118	100.0	S	0.0
Tetnig_ENSTNIP00000018604	Ratnor_ENSRNOP00000074671	100.0	S	0.0
Tetnig_ENSTNIP00000018604	Hsap_ENSP00000355668	100.0	S	0.0
Tetnig_ENSTNIP00000011176	Mmus_ENSMUSP00000084361	100.0	S	0.0
Tetnig_ENSTNIP00000011176	Hsap_ENSP00000311684	100.0	S	0.0
Tetnig_ENSTNIP00000011176	Galgal_ENSGALP00000066282	100.0	S	0.0
Tetnig_ENSTNIP00000011176	Mondom_ENSMODP00000018951	100.0	S	0.0
Tetnig_ENSTNIP00000011176	Canfam_ENSCAFP00000022838	100.0	S	0.0
Tetnig_ENSTNIP00000011176	Pantro_ENSPTRP00000022133	100.0	S	0.0
Tetnig_ENSTNIP00000011176	Ratnor_ENSRNOP00000026941	100.0	S	0.0
Drer_ENSDARP00000114723	Mmus_ENSMUSP00000084361	100.0	S	0.0
Drer_ENSDARP00000114723	Hsap_ENSP00000311684	100.0	S	0.0
Drer_ENSDARP00000114723	Galgal_ENSGALP00000066282	100.0	S	0.0
Drer_ENSDARP00000114723	Mondom_ENSMODP00000018951	100.0	S	0.0
Drer_ENSDARP00000114723	Canfam_ENSCAFP00000022838	100.0	S	0.0
Drer_ENSDARP00000114723	Pantro_ENSPTRP00000022133	100.0	S	0.0
Drer_ENSDARP00000114723	Ratnor_ENSRNOP00000026941	100.0	S	0.0
Drer_ENSDARP00000139505	Mmus_ENSMUSP00000084361	100.0	S	0.0
Drer_ENSDARP00000139505	Hsap_ENSP00000311684	100.0	S	0.0
Drer_ENSDARP00000139505	Galgal_ENSGALP00000066282	100.0	S	0.0
Drer_ENSDARP00000139505	Mondom_ENSMODP00000018951	100.0	S	0.0
Drer_ENSDARP00000139505	Canfam_ENSCAFP00000022838	100.0	S	0.0
Drer_ENSDARP00000139505	Pantro_ENSPTRP00000022133	100.0	S	0.0
Drer_ENSDARP00000139505	Ratnor_ENSRNOP00000026941	100.0	S	0.0
Drer_ENSDARP00000112989	Mmus_ENSMUSP00000084361	100.0	S	0.0
Drer_ENSDARP00000112989	Hsap_ENSP00000311684	100.0	S	0.0
Drer_ENSDARP00000112989	Galgal_ENSGALP00000066282	100.0	S	0.0
Drer_ENSDARP00000112989	Mondom_ENSMODP00000018951	100.0	S	0.0
Drer_ENSDARP00000112989	Canfam_ENSCAFP00000022838	100.0	S	0.0
Drer_ENSDARP00000112989	Pantro_ENSPTRP00000022133	100.0	S	0.0
Drer_ENSDARP00000112989	Ratnor_ENSRNOP00000026941	100.0	S	0.0
Sman_Smp_126240	Tetnig_ENSTNIP00000022587	100.0	S	0.0
Sman_Smp_126240	Cint_ENSCINP00000013676	100.0	S	0.0
Sman_Smp_126240	Pantro_ENSPTRP00000021693	100.0	S	0.0
Sman_Smp_126240	Mmus_ENSMUSP00000097561	100.0	S	0.0
Sman_Smp_126240	Canfam_ENSCAFP00000045361	100.0	S	0.0
Sman_Smp_126240	Hsap_ENSP00000467141	100.0	S	0.0
Dmel_FBpp0290554	Tetnig_ENSTNIP00000022587	100.0	S	0.0
Dmel_FBpp0290554	Cint_ENSCINP00000013676	100.0	S	0.0
Dmel_FBpp0290554	Pantro_ENSPTRP00000021693	100.0	S	0.0
Dmel_FBpp0290554	Mmus_ENSMUSP00000097561	100.0	S	0.0
Dmel_FBpp0290554	Canfam_ENSCAFP00000045361	100.0	S	0.0
Dmel_FBpp0290554	Hsap_ENSP00000467141	100.0	S	0.0
Cele_WBGene00006759.1	Tetnig_ENSTNIP00000022587	100.0	S	0.0
Cele_WBGene00006759.1	Cint_ENSCINP00000013676	100.0	S	0.0
Cele_WBGene00006759.1	Pantro_ENSPTRP00000021693	100.0	S	0.0
Cele_WBGene00006759.1	Mmus_ENSMUSP00000097561	100.0	S	0.0
Cele_WBGene00006759.1	Canfam_ENSCAFP00000045361	100.0	S	0.0
Cele_WBGene00006759.1	Hsap_ENSP00000467141	100.0	S	0.0
Tadh_TriadP22755	Dmel_FBpp0289207	79.0	S	0.0
Tadh_TriadP22755	Dmel_FBpp0307635	79.0	S	0.0
Tadh_TriadP22755	Galgal_ENSGALP00000067637	79.0	S	0.0
Tadh_TriadP22755	Tetnig_ENSTNIP00000014650	79.0	S	0.0
Tadh_TriadP22755	Canfam_ENSCAFP00000059142	79.0	S	0.0
Tadh_TriadP22755	Drer_ENSDARP00000019103	79.0	S	0.0
Tadh_TriadP22755	Hsap_ENSP00000418335	79.0	S	0.0
Tadh_TriadP22755	Drer_ENSDARP00000097960	79.0	S	0.0
Tadh_TriadP22755	Galgal_ENSGALP00000061379	79.0	S	0.0
Tadh_TriadP22755	Drer_ENSDARP00000046902	79.0	S	0.0
Tadh_TriadP22755	Cint_ENSCINP00000030508	79.0	S	0.0
Tadh_TriadP22755	Sman_Smp_121780	79.0	S	0.0
Tadh_TriadP22755	Tetnig_ENSTNIP00000005577	79.0	S	0.0
Tadh_TriadP22755	Ratnor_ENSRNOP00000062274	79.0	S	0.0
Tadh_TriadP22755	Bralan_BL96415_cuf14	79.0	S	0.0
Tadh_TriadP22755	Mondom_ENSMODP00000022873	79.0	S	0.0
Tadh_TriadP22755	Pantro_ENSPTRP00000089511	79.0	S	0.0
Tadh_TriadP22755	Mmus_ENSMUSP00000023538	79.0	S	0.0
Nvec_EDO42837	Dmel_FBpp0289207	79.0	S	0.0
Nvec_EDO42837	Dmel_FBpp0307635	79.0	S	0.0
Nvec_EDO42837	Galgal_ENSGALP00000067637	79.0	S	0.0
Nvec_EDO42837	Tetnig_ENSTNIP00000014650	79.0	S	0.0
Nvec_EDO42837	Canfam_ENSCAFP00000059142	79.0	S	0.0
Nvec_EDO42837	Drer_ENSDARP00000019103	79.0	S	0.0
Nvec_EDO42837	Hsap_ENSP00000418335	79.0	S	0.0
Nvec_EDO42837	Drer_ENSDARP00000097960	79.0	S	0.0
Nvec_EDO42837	Galgal_ENSGALP00000061379	79.0	S	0.0
Nvec_EDO42837	Drer_ENSDARP00000046902	79.0	S	0.0
Nvec_EDO42837	Cint_ENSCINP00000030508	79.0	S	0.0
Nvec_EDO42837	Sman_Smp_121780	79.0	S	0.0
Nvec_EDO42837	Tetnig_ENSTNIP00000005577	79.0	S	0.0
Nvec_EDO42837	Ratnor_ENSRNOP00000062274	79.0	S	0.0
Nvec_EDO42837	Bralan_BL96415_cuf14	79.0	S	0.0
Nvec_EDO42837	Mondom_ENSMODP00000022873	79.0	S	0.0
Nvec_EDO42837	Pantro_ENSPTRP00000089511	79.0	S	0.0
Nvec_EDO42837	Mmus_ENSMUSP00000023538	79.0	S	0.0
Nvec_EDO49548	Dmel_FBpp0289207	79.0	S	0.0
Nvec_EDO49548	Dmel_FBpp0307635	79.0	S	0.0
Nvec_EDO49548	Galgal_ENSGALP00000067637	79.0	S	0.0
Nvec_EDO49548	Tetnig_ENSTNIP00000014650	79.0	S	0.0
Nvec_EDO49548	Canfam_ENSCAFP00000059142	79.0	S	0.0
Nvec_EDO49548	Drer_ENSDARP00000019103	79.0	S	0.0
Nvec_EDO49548	Hsap_ENSP00000418335	79.0	S	0.0
Nvec_EDO49548	Drer_ENSDARP00000097960	79.0	S	0.0
Nvec_EDO49548	Galgal_ENSGALP00000061379	79.0	S	0.0
Nvec_EDO49548	Drer_ENSDARP00000046902	79.0	S	0.0
Nvec_EDO49548	Cint_ENSCINP00000030508	79.0	S	0.0
Nvec_EDO49548	Sman_Smp_121780	79.0	S	0.0
Nvec_EDO49548	Tetnig_ENSTNIP00000005577	79.0	S	0.0
Nvec_EDO49548	Ratnor_ENSRNOP00000062274	79.0	S	0.0
Nvec_EDO49548	Bralan_BL96415_cuf14	79.0	S	0.0
Nvec_EDO49548	Mondom_ENSMODP00000022873	79.0	S	0.0
Nvec_EDO49548	Pantro_ENSPTRP00000089511	79.0	S	0.0
Nvec_EDO49548	Mmus_ENSMUSP00000023538	79.0	S	0.0
Nvec_EDO49090	Dmel_FBpp0289207	79.0	S	0.0
Nvec_EDO49090	Dmel_FBpp0307635	79.0	S	0.0
Nvec_EDO49090	Galgal_ENSGALP00000067637	79.0	S	0.0
Nvec_EDO49090	Tetnig_ENSTNIP00000014650	79.0	S	0.0
Nvec_EDO49090	Canfam_ENSCAFP00000059142	79.0	S	0.0
Nvec_EDO49090	Drer_ENSDARP00000019103	79.0	S	0.0
Nvec_EDO49090	Hsap_ENSP00000418335	79.0	S	0.0
Nvec_EDO49090	Drer_ENSDARP00000097960	79.0	S	0.0
Nvec_EDO49090	Galgal_ENSGALP00000061379	79.0	S	0.0
Nvec_EDO49090	Drer_ENSDARP00000046902	79.0	S	0.0
Nvec_EDO49090	Cint_ENSCINP00000030508	79.0	S	0.0
Nvec_EDO49090	Sman_Smp_121780	79.0	S	0.0
Nvec_EDO49090	Tetnig_ENSTNIP00000005577	79.0	S	0.0
Nvec_EDO49090	Ratnor_ENSRNOP00000062274	79.0	S	0.0
Nvec_EDO49090	Bralan_BL96415_cuf14	79.0	S	0.0
Nvec_EDO49090	Mondom_ENSMODP00000022873	79.0	S	0.0
Nvec_EDO49090	Pantro_ENSPTRP00000089511	79.0	S	0.0
Nvec_EDO49090	Mmus_ENSMUSP00000023538	79.0	S	0.0
Mmus_ENSMUSP00000157597	Ratnor_ENSRNOP00000028678	98.0	S	0.0
Canfam_ENSCAFP00000065419	Hsap_ENSP00000333896	71.0	S	0.0
Canfam_ENSCAFP00000065419	Pantro_ENSPTRP00000066171	71.0	S	0.0
Canfam_ENSCAFP00000065419	Pantro_ENSPTRP00000006610	71.0	S	0.0
Mondom_ENSMODP00000003191	Pantro_ENSPTRP00000066061	100.0	S	0.0
Mondom_ENSMODP00000003191	Ratnor_ENSRNOP00000072518	100.0	S	0.0
Mondom_ENSMODP00000003191	Hsap_ENSP00000479667	100.0	S	0.0
Mondom_ENSMODP00000003191	Mmus_ENSMUSP00000042987	100.0	S	0.0
Mondom_ENSMODP00000003191	Canfam_ENSCAFP00000025865	100.0	S	0.0
Drer_ENSDARP00000130163	Drer_ENSDARP00000155433	100.0	D	1.0
Mondom_ENSMODP00000017877	Canfam_ENSCAFP00000025598	99.0	S	0.0
Mondom_ENSMODP00000017877	Ratnor_ENSRNOP00000003512	99.0	S	0.0
Mondom_ENSMODP00000017877	Mmus_ENSMUSP00000080694	99.0	S	0.0
Mondom_ENSMODP00000017877	Hsap_ENSP00000262752	99.0	S	0.0
Mondom_ENSMODP00000017877	Pantro_ENSPTRP00000073208	99.0	S	0.0
Mondom_ENSMODP00000017877	Mmus_ENSMUSP00000155405	99.0	S	0.0
Drer_ENSDARP00000051545	Drer_ENSDARP00000107927	100.0	D	1.0
Drer_ENSDARP00000051545	Drer_ENSDARP00000119149	100.0	D	1.0
Drer_ENSDARP00000133020	Drer_ENSDARP00000107927	100.0	D	1.0
Drer_ENSDARP00000133020	Drer_ENSDARP00000119149	100.0	D	1.0
Galgal_ENSGALP00000044826	Pantro_ENSPTRP00000082053	99.0	S	0.0
Galgal_ENSGALP00000044826	Hsap_ENSP00000368884	99.0	S	0.0
Galgal_ENSGALP00000044826	Ratnor_ENSRNOP00000008938	99.0	S	0.0
Galgal_ENSGALP00000044826	Mmus_ENSMUSP00000033671	99.0	S	0.0
Galgal_ENSGALP00000044826	Canfam_ENSCAFP00000019441	99.0	S	0.0
Galgal_ENSGALP00000044826	Mondom_ENSMODP00000010058	99.0	S	0.0
Tetnig_ENSTNIP00000016804	Mondom_ENSMODP00000045941	100.0	S	0.0
Tetnig_ENSTNIP00000016804	Galgal_ENSGALP00000071522	100.0	S	0.0
Tetnig_ENSTNIP00000016804	Ratnor_ENSRNOP00000017809	100.0	S	0.0
Tetnig_ENSTNIP00000016804	Canfam_ENSCAFP00000051197	100.0	S	0.0
Tetnig_ENSTNIP00000016804	Pantro_ENSPTRP00000063286	100.0	S	0.0
Tetnig_ENSTNIP00000016804	Hsap_ENSP00000422435	100.0	S	0.0
Tetnig_ENSTNIP00000016804	Mmus_ENSMUSP00000024575	100.0	S	0.0
Drer_ENSDARP00000044704	Mondom_ENSMODP00000045941	100.0	S	0.0
Drer_ENSDARP00000044704	Galgal_ENSGALP00000071522	100.0	S	0.0
Drer_ENSDARP00000044704	Ratnor_ENSRNOP00000017809	100.0	S	0.0
Drer_ENSDARP00000044704	Canfam_ENSCAFP00000051197	100.0	S	0.0
Drer_ENSDARP00000044704	Pantro_ENSPTRP00000063286	100.0	S	0.0
Drer_ENSDARP00000044704	Hsap_ENSP00000422435	100.0	S	0.0
Drer_ENSDARP00000044704	Mmus_ENSMUSP00000024575	100.0	S	0.0
Drer_ENSDARP00000151674	Pantro_ENSPTRP00000090887	100.0	S	0.0
Drer_ENSDARP00000151674	Mmus_ENSMUSP00000119328	100.0	S	0.0
Drer_ENSDARP00000151674	Ratnor_ENSRNOP00000070880	100.0	S	0.0
Drer_ENSDARP00000151674	Hsap_ENSP00000487349	100.0	S	0.0
Drer_ENSDARP00000151674	Galgal_ENSGALP00000050392	100.0	S	0.0
Drer_ENSDARP00000151674	Canfam_ENSCAFP00000018364	100.0	S	0.0
Drer_ENSDARP00000151674	Hsap_ENSP00000435412	100.0	S	0.0
Drer_ENSDARP00000151674	Mondom_ENSMODP00000046787	100.0	S	0.0
Tetnig_ENSTNIP00000020404	Pantro_ENSPTRP00000090887	100.0	S	0.0
Tetnig_ENSTNIP00000020404	Mmus_ENSMUSP00000119328	100.0	S	0.0
Tetnig_ENSTNIP00000020404	Ratnor_ENSRNOP00000070880	100.0	S	0.0
Tetnig_ENSTNIP00000020404	Hsap_ENSP00000487349	100.0	S	0.0
Tetnig_ENSTNIP00000020404	Galgal_ENSGALP00000050392	100.0	S	0.0
Tetnig_ENSTNIP00000020404	Canfam_ENSCAFP00000018364	100.0	S	0.0
Tetnig_ENSTNIP00000020404	Hsap_ENSP00000435412	100.0	S	0.0
Tetnig_ENSTNIP00000020404	Mondom_ENSMODP00000046787	100.0	S	0.0
Ratnor_ENSRNOP00000027771	Mmus_ENSMUSP00000157012	95.0	S	0.0
Pantro_ENSPTRP00000029317	Hsap_ENSP00000422634	100.0	S	0.0
Drer_ENSDARP00000044425	Mondom_ENSMODP00000048429	100.0	S	0.0
Drer_ENSDARP00000044425	Galgal_ENSGALP00000069730	100.0	S	0.0
Galgal_ENSGALP00000045938	Mmus_ENSMUSP00000087714	100.0	S	0.0
Galgal_ENSGALP00000045938	Canfam_ENSCAFP00000013586	100.0	S	0.0
Galgal_ENSGALP00000045938	Ratnor_ENSRNOP00000016784	100.0	S	0.0
Galgal_ENSGALP00000045938	Pantro_ENSPTRP00000028715	100.0	S	0.0
Galgal_ENSGALP00000045938	Hsap_ENSP00000339299	100.0	S	0.0
Drer_ENSDARP00000147527	Tetnig_ENSTNIP00000018724	100.0	S	0.0
Drer_ENSDARP00000147527	Tetnig_ENSTNIP00000004704	100.0	S	0.0
Galgal_ENSGALP00000055501	Hsap_ENSP00000353109	100.0	S	0.0
Galgal_ENSGALP00000055501	Ratnor_ENSRNOP00000039072	100.0	S	0.0
Galgal_ENSGALP00000055501	Canfam_ENSCAFP00000018209	100.0	S	0.0
Galgal_ENSGALP00000055501	Mondom_ENSMODP00000056141	100.0	S	0.0
Galgal_ENSGALP00000055501	Mmus_ENSMUSP00000076088	100.0	S	0.0
Galgal_ENSGALP00000055501	Pantro_ENSPTRP00000085473	100.0	S	0.0
Dmel_FBpp0309256	Sman_Smp_165210	94.0	S	0.0
Dmel_FBpp0309256	Sman_Smp_018290	94.0	S	0.0
Drer_ENSDARP00000005376	Mondom_ENSMODP00000015177	100.0	S	0.0
Drer_ENSDARP00000005376	Canfam_ENSCAFP00000015677	100.0	S	0.0
Drer_ENSDARP00000005376	Mmus_ENSMUSP00000027263	100.0	S	0.0
Drer_ENSDARP00000005376	Hsap_ENSP00000263955	100.0	S	0.0
Drer_ENSDARP00000005376	Ratnor_ENSRNOP00000016857	100.0	S	0.0
Drer_ENSDARP00000005376	Galgal_ENSGALP00000066262	100.0	S	0.0
Drer_ENSDARP00000005376	Pantro_ENSPTRP00000021817	100.0	S	0.0
Tetnig_ENSTNIP00000021009	Mondom_ENSMODP00000015177	100.0	S	0.0
Tetnig_ENSTNIP00000021009	Canfam_ENSCAFP00000015677	100.0	S	0.0
Tetnig_ENSTNIP00000021009	Mmus_ENSMUSP00000027263	100.0	S	0.0
Tetnig_ENSTNIP00000021009	Hsap_ENSP00000263955	100.0	S	0.0
Tetnig_ENSTNIP00000021009	Ratnor_ENSRNOP00000016857	100.0	S	0.0
Tetnig_ENSTNIP00000021009	Galgal_ENSGALP00000066262	100.0	S	0.0
Tetnig_ENSTNIP00000021009	Pantro_ENSPTRP00000021817	100.0	S	0.0
Drer_ENSDARP00000152543	Mondom_ENSMODP00000015177	100.0	S	0.0
Drer_ENSDARP00000152543	Canfam_ENSCAFP00000015677	100.0	S	0.0
Drer_ENSDARP00000152543	Mmus_ENSMUSP00000027263	100.0	S	0.0
Drer_ENSDARP00000152543	Hsap_ENSP00000263955	100.0	S	0.0
Drer_ENSDARP00000152543	Ratnor_ENSRNOP00000016857	100.0	S	0.0
Drer_ENSDARP00000152543	Galgal_ENSGALP00000066262	100.0	S	0.0
Drer_ENSDARP00000152543	Pantro_ENSPTRP00000021817	100.0	S	0.0
Drer_ENSDARP00000063576	Tetnig_ENSTNIP00000018604	100.0	S	0.0
Mondom_ENSMODP00000047159	Mmus_ENSMUSP00000158795	100.0	S	0.0
Mondom_ENSMODP00000047159	Hsap_ENSP00000355668	100.0	S	0.0
Mondom_ENSMODP00000047159	Ratnor_ENSRNOP00000074671	100.0	S	0.0
Mondom_ENSMODP00000047159	Pantro_ENSPTRP00000068118	100.0	S	0.0
Galgal_ENSGALP00000066282	Mmus_ENSMUSP00000084361	100.0	S	0.0
Galgal_ENSGALP00000066282	Hsap_ENSP00000311684	100.0	S	0.0
Galgal_ENSGALP00000066282	Mondom_ENSMODP00000018951	100.0	S	0.0
Galgal_ENSGALP00000066282	Canfam_ENSCAFP00000022838	100.0	S	0.0
Galgal_ENSGALP00000066282	Pantro_ENSPTRP00000022133	100.0	S	0.0
Galgal_ENSGALP00000066282	Ratnor_ENSRNOP00000026941	100.0	S	0.0
Sman_Smp_126240	Dmel_FBpp0290554	100.0	S	0.0
Sman_Smp_126240	Cele_WBGene00006759.1	100.0	S	0.0
Cint_ENSCINP00000013676	Tetnig_ENSTNIP00000022587	100.0	S	0.0
Cint_ENSCINP00000013676	Pantro_ENSPTRP00000021693	100.0	S	0.0
Cint_ENSCINP00000013676	Mmus_ENSMUSP00000097561	100.0	S	0.0
Cint_ENSCINP00000013676	Canfam_ENSCAFP00000045361	100.0	S	0.0
Cint_ENSCINP00000013676	Hsap_ENSP00000467141	100.0	S	0.0
Dmel_FBpp0289207	Galgal_ENSGALP00000067637	75.0	S	0.0
Dmel_FBpp0289207	Canfam_ENSCAFP00000059142	75.0	S	0.0
Dmel_FBpp0289207	Tetnig_ENSTNIP00000014650	75.0	S	0.0
Dmel_FBpp0289207	Drer_ENSDARP00000019103	75.0	S	0.0
Dmel_FBpp0289207	Hsap_ENSP00000418335	75.0	S	0.0
Dmel_FBpp0289207	Drer_ENSDARP00000097960	75.0	S	0.0
Dmel_FBpp0289207	Galgal_ENSGALP00000061379	75.0	S	0.0
Dmel_FBpp0289207	Drer_ENSDARP00000046902	75.0	S	0.0
Dmel_FBpp0289207	Cint_ENSCINP00000030508	75.0	S	0.0
Dmel_FBpp0289207	Tetnig_ENSTNIP00000005577	75.0	S	0.0
Dmel_FBpp0289207	Ratnor_ENSRNOP00000062274	75.0	S	0.0
Dmel_FBpp0289207	Mondom_ENSMODP00000022873	75.0	S	0.0
Dmel_FBpp0289207	Pantro_ENSPTRP00000089511	75.0	S	0.0
Dmel_FBpp0289207	Mmus_ENSMUSP00000023538	75.0	S	0.0
Bralan_BL96415_cuf14	Galgal_ENSGALP00000067637	75.0	S	0.0
Bralan_BL96415_cuf14	Canfam_ENSCAFP00000059142	75.0	S	0.0
Bralan_BL96415_cuf14	Tetnig_ENSTNIP00000014650	75.0	S	0.0
Bralan_BL96415_cuf14	Drer_ENSDARP00000019103	75.0	S	0.0
Bralan_BL96415_cuf14	Hsap_ENSP00000418335	75.0	S	0.0
Bralan_BL96415_cuf14	Drer_ENSDARP00000097960	75.0	S	0.0
Bralan_BL96415_cuf14	Galgal_ENSGALP00000061379	75.0	S	0.0
Bralan_BL96415_cuf14	Drer_ENSDARP00000046902	75.0	S	0.0
Bralan_BL96415_cuf14	Cint_ENSCINP00000030508	75.0	S	0.0
Bralan_BL96415_cuf14	Tetnig_ENSTNIP00000005577	75.0	S	0.0
Bralan_BL96415_cuf14	Ratnor_ENSRNOP00000062274	75.0	S	0.0
Bralan_BL96415_cuf14	Mondom_ENSMODP00000022873	75.0	S	0.0
Bralan_BL96415_cuf14	Pantro_ENSPTRP00000089511	75.0	S	0.0
Bralan_BL96415_cuf14	Mmus_ENSMUSP00000023538	75.0	S	0.0
Dmel_FBpp0307635	Galgal_ENSGALP00000067637	75.0	S	0.0
Dmel_FBpp0307635	Canfam_ENSCAFP00000059142	75.0	S	0.0
Dmel_FBpp0307635	Tetnig_ENSTNIP00000014650	75.0	S	0.0
Dmel_FBpp0307635	Drer_ENSDARP00000019103	75.0	S	0.0
Dmel_FBpp0307635	Hsap_ENSP00000418335	75.0	S	0.0
Dmel_FBpp0307635	Drer_ENSDARP00000097960	75.0	S	0.0
Dmel_FBpp0307635	Galgal_ENSGALP00000061379	75.0	S	0.0
Dmel_FBpp0307635	Drer_ENSDARP00000046902	75.0	S	0.0
Dmel_FBpp0307635	Cint_ENSCINP00000030508	75.0	S	0.0
Dmel_FBpp0307635	Tetnig_ENSTNIP00000005577	75.0	S	0.0
Dmel_FBpp0307635	Ratnor_ENSRNOP00000062274	75.0	S	0.0
Dmel_FBpp0307635	Mondom_ENSMODP00000022873	75.0	S	0.0
Dmel_FBpp0307635	Pantro_ENSPTRP00000089511	75.0	S	0.0
Dmel_FBpp0307635	Mmus_ENSMUSP00000023538	75.0	S	0.0
Sman_Smp_121780	Galgal_ENSGALP00000067637	75.0	S	0.0
Sman_Smp_121780	Canfam_ENSCAFP00000059142	75.0	S	0.0
Sman_Smp_121780	Tetnig_ENSTNIP00000014650	75.0	S	0.0
Sman_Smp_121780	Drer_ENSDARP00000019103	75.0	S	0.0
Sman_Smp_121780	Hsap_ENSP00000418335	75.0	S	0.0
Sman_Smp_121780	Drer_ENSDARP00000097960	75.0	S	0.0
Sman_Smp_121780	Galgal_ENSGALP00000061379	75.0	S	0.0
Sman_Smp_121780	Drer_ENSDARP00000046902	75.0	S	0.0
Sman_Smp_121780	Cint_ENSCINP00000030508	75.0	S	0.0
Sman_Smp_121780	Tetnig_ENSTNIP00000005577	75.0	S	0.0
Sman_Smp_121780	Ratnor_ENSRNOP00000062274	75.0	S	0.0
Sman_Smp_121780	Mondom_ENSMODP00000022873	75.0	S	0.0
Sman_Smp_121780	Pantro_ENSPTRP00000089511	75.0	S	0.0
Sman_Smp_121780	Mmus_ENSMUSP00000023538	75.0	S	0.0
Cint_ENSCINP00000030660	Cele_WBGene00013869.1	100.0	S	0.0
Cint_ENSCINP00000014396	Galgal_ENSGALP00000067314	100.0	S	0.0
Cint_ENSCINP00000014396	Drer_ENSDARP00000117853	100.0	S	0.0
Cint_ENSCINP00000014396	Pantro_ENSPTRP00000030173	100.0	S	0.0
Cint_ENSCINP00000014396	Hsap_ENSP00000274643	100.0	S	0.0
Cint_ENSCINP00000014396	Mondom_ENSMODP00000016026	100.0	S	0.0
Cint_ENSCINP00000014396	Mmus_ENSMUSP00000028970	100.0	S	0.0
Cint_ENSCINP00000014396	Canfam_ENSCAFP00000005479	100.0	S	0.0
Cint_ENSCINP00000014396	Hsap_ENSP00000365162	100.0	S	0.0
Cint_ENSCINP00000014396	Canfam_ENSCAFP00000040307	100.0	S	0.0
Cint_ENSCINP00000014396	Hsap_ENSP00000378288	100.0	S	0.0
Cint_ENSCINP00000014396	Tetnig_ENSTNIP00000011365	100.0	S	0.0
Cint_ENSCINP00000014396	Drer_ENSDARP00000115941	100.0	S	0.0
Cint_ENSCINP00000014396	Galgal_ENSGALP00000010124	100.0	S	0.0
Cint_ENSCINP00000014396	Mondom_ENSMODP00000047000	100.0	S	0.0
Cint_ENSCINP00000014396	Mmus_ENSMUSP00000034133	100.0	S	0.0
Cint_ENSCINP00000014396	Ratnor_ENSRNOP00000064869	100.0	S	0.0
Cint_ENSCINP00000014396	Drer_ENSDARP00000118579	100.0	S	0.0
Cint_ENSCINP00000014396	Canfam_ENSCAFP00000037644	100.0	S	0.0
Cint_ENSCINP00000014396	Pantro_ENSPTRP00000022910	100.0	S	0.0
Cint_ENSCINP00000014396	Mondom_ENSMODP00000024308	100.0	S	0.0
Cint_ENSCINP00000014396	Pantro_ENSPTRP00000013797	100.0	S	0.0
Cint_ENSCINP00000014396	Galgal_ENSGALP00000053210	100.0	S	0.0
Cint_ENSCINP00000014396	Ratnor_ENSRNOP00000023657	100.0	S	0.0
Cint_ENSCINP00000014396	Ratnor_ENSRNOP00000011255	100.0	S	0.0
Cint_ENSCINP00000014396	Ratnor_ENSRNOP00000066587	100.0	S	0.0
Hsap_ENSP00000333896	Pantro_ENSPTRP00000066171	100.0	S	0.0
Hsap_ENSP00000333896	Pantro_ENSPTRP00000006610	100.0	S	0.0
Canfam_ENSCAFP00000025865	Hsap_ENSP00000479667	97.0	S	0.0
Canfam_ENSCAFP00000025865	Pantro_ENSPTRP00000066061	97.0	S	0.0
Canfam_ENSCAFP00000025865	Mmus_ENSMUSP00000042987	97.0	S	0.0
Canfam_ENSCAFP00000025865	Ratnor_ENSRNOP00000072518	97.0	S	0.0
Pantro_ENSPTRP00000073208	Ratnor_ENSRNOP00000003512	100.0	S	0.0
Pantro_ENSPTRP00000073208	Mmus_ENSMUSP00000080694	100.0	S	0.0
Pantro_ENSPTRP00000073208	Canfam_ENSCAFP00000025598	100.0	S	0.0
Pantro_ENSPTRP00000073208	Mmus_ENSMUSP00000155405	100.0	S	0.0
Hsap_ENSP00000262752	Ratnor_ENSRNOP00000003512	100.0	S	0.0
Hsap_ENSP00000262752	Mmus_ENSMUSP00000080694	100.0	S	0.0
Hsap_ENSP00000262752	Canfam_ENSCAFP00000025598	100.0	S	0.0
Hsap_ENSP00000262752	Mmus_ENSMUSP00000155405	100.0	S	0.0
Drer_ENSDARP00000051545	Drer_ENSDARP00000133020	100.0	D	1.0
Drer_ENSDARP00000107927	Drer_ENSDARP00000119149	100.0	D	1.0
Mondom_ENSMODP00000010058	Pantro_ENSPTRP00000082053	92.0	S	0.0
Mondom_ENSMODP00000010058	Hsap_ENSP00000368884	92.0	S	0.0
Mondom_ENSMODP00000010058	Ratnor_ENSRNOP00000008938	92.0	S	0.0
Mondom_ENSMODP00000010058	Mmus_ENSMUSP00000033671	92.0	S	0.0
Mondom_ENSMODP00000010058	Canfam_ENSCAFP00000019441	92.0	S	0.0
Drer_ENSDARP00000044704	Tetnig_ENSTNIP00000016804	100.0	S	0.0
Galgal_ENSGALP00000071522	Mondom_ENSMODP00000045941	100.0	S	0.0
Galgal_ENSGALP00000071522	Ratnor_ENSRNOP00000017809	100.0	S	0.0
Galgal_ENSGALP00000071522	Canfam_ENSCAFP00000051197	100.0	S	0.0
Galgal_ENSGALP00000071522	Pantro_ENSPTRP00000063286	100.0	S	0.0
Galgal_ENSGALP00000071522	Hsap_ENSP00000422435	100.0	S	0.0
Galgal_ENSGALP00000071522	Mmus_ENSMUSP00000024575	100.0	S	0.0
Tetnig_ENSTNIP00000020404	Drer_ENSDARP00000151674	100.0	S	0.0
Galgal_ENSGALP00000050392	Pantro_ENSPTRP00000090887	100.0	S	0.0
Galgal_ENSGALP00000050392	Mmus_ENSMUSP00000119328	100.0	S	0.0
Galgal_ENSGALP00000050392	Ratnor_ENSRNOP00000070880	100.0	S	0.0
Galgal_ENSGALP00000050392	Hsap_ENSP00000487349	100.0	S	0.0
Galgal_ENSGALP00000050392	Canfam_ENSCAFP00000018364	100.0	S	0.0
Galgal_ENSGALP00000050392	Hsap_ENSP00000435412	100.0	S	0.0
Galgal_ENSGALP00000050392	Mondom_ENSMODP00000046787	100.0	S	0.0
Galgal_ENSGALP00000069730	Mondom_ENSMODP00000048429	100.0	S	0.0
Drer_ENSDARP00000156059	Mmus_ENSMUSP00000153607	100.0	S	0.0
Drer_ENSDARP00000156059	Pantro_ENSPTRP00000041316	100.0	S	0.0
Drer_ENSDARP00000156059	Galgal_ENSGALP00000043519	100.0	S	0.0
Drer_ENSDARP00000156059	Ratnor_ENSRNOP00000073577	100.0	S	0.0
Drer_ENSDARP00000156059	Mondom_ENSMODP00000059615	100.0	S	0.0
Drer_ENSDARP00000156059	Canfam_ENSCAFP00000001889	100.0	S	0.0
Drer_ENSDARP00000156059	Hsap_ENSP00000350785	100.0	S	0.0
Tetnig_ENSTNIP00000018708	Mmus_ENSMUSP00000153607	100.0	S	0.0
Tetnig_ENSTNIP00000018708	Pantro_ENSPTRP00000041316	100.0	S	0.0
Tetnig_ENSTNIP00000018708	Galgal_ENSGALP00000043519	100.0	S	0.0
Tetnig_ENSTNIP00000018708	Ratnor_ENSRNOP00000073577	100.0	S	0.0
Tetnig_ENSTNIP00000018708	Mondom_ENSMODP00000059615	100.0	S	0.0
Tetnig_ENSTNIP00000018708	Canfam_ENSCAFP00000001889	100.0	S	0.0
Tetnig_ENSTNIP00000018708	Hsap_ENSP00000350785	100.0	S	0.0
Tetnig_ENSTNIP00000022320	Drer_ENSDARP00000000382	100.0	S	0.0
Canfam_ENSCAFP00000013586	Mmus_ENSMUSP00000087714	100.0	S	0.0
Canfam_ENSCAFP00000013586	Pantro_ENSPTRP00000028715	100.0	S	0.0
Canfam_ENSCAFP00000013586	Hsap_ENSP00000339299	100.0	S	0.0
Canfam_ENSCAFP00000013586	Ratnor_ENSRNOP00000016784	100.0	S	0.0
Tetnig_ENSTNIP00000004704	Tetnig_ENSTNIP00000018724	100.0	D	1.0
Mondom_ENSMODP00000056141	Hsap_ENSP00000353109	93.0	S	0.0
Mondom_ENSMODP00000056141	Ratnor_ENSRNOP00000039072	93.0	S	0.0
Mondom_ENSMODP00000056141	Canfam_ENSCAFP00000018209	93.0	S	0.0
Mondom_ENSMODP00000056141	Mmus_ENSMUSP00000076088	93.0	S	0.0
Mondom_ENSMODP00000056141	Pantro_ENSPTRP00000085473	93.0	S	0.0
Sman_Smp_018290	Sman_Smp_165210	99.0	D	1.0
Drer_ENSDARP00000010065	Tetnig_ENSTNIP00000014654	100.0	S	0.0
Tetnig_ENSTNIP00000022142	Pantro_ENSPTRP00000032664	100.0	S	0.0
Tetnig_ENSTNIP00000022142	Galgal_ENSGALP00000056836	100.0	S	0.0
Tetnig_ENSTNIP00000022142	Hsap_ENSP00000319192	100.0	S	0.0
Tetnig_ENSTNIP00000022142	Canfam_ENSCAFP00000005183	100.0	S	0.0
Drer_ENSDARP00000067763	Pantro_ENSPTRP00000032664	100.0	S	0.0
Drer_ENSDARP00000067763	Galgal_ENSGALP00000056836	100.0	S	0.0
Drer_ENSDARP00000067763	Hsap_ENSP00000319192	100.0	S	0.0
Drer_ENSDARP00000067763	Canfam_ENSCAFP00000005183	100.0	S	0.0
Tetnig_ENSTNIP00000021009	Drer_ENSDARP00000005376	100.0	S	0.0
Tetnig_ENSTNIP00000021009	Drer_ENSDARP00000152543	100.0	S	0.0
Galgal_ENSGALP00000066262	Mondom_ENSMODP00000015177	100.0	S	0.0
Galgal_ENSGALP00000066262	Canfam_ENSCAFP00000015677	100.0	S	0.0
Galgal_ENSGALP00000066262	Mmus_ENSMUSP00000027263	100.0	S	0.0
Galgal_ENSGALP00000066262	Hsap_ENSP00000263955	100.0	S	0.0
Galgal_ENSGALP00000066262	Ratnor_ENSRNOP00000016857	100.0	S	0.0
Galgal_ENSGALP00000066262	Pantro_ENSPTRP00000021817	100.0	S	0.0
Hsap_ENSP00000355668	Mmus_ENSMUSP00000158795	100.0	S	0.0
Hsap_ENSP00000355668	Ratnor_ENSRNOP00000074671	100.0	S	0.0
Pantro_ENSPTRP00000068118	Mmus_ENSMUSP00000158795	100.0	S	0.0
Pantro_ENSPTRP00000068118	Ratnor_ENSRNOP00000074671	100.0	S	0.0
Drer_ENSDARP00000114723	Drer_ENSDARP00000139505	100.0	D	1.0
Tetnig_ENSTNIP00000011176	Drer_ENSDARP00000112989	77.0	S	0.0
Mondom_ENSMODP00000018951	Mmus_ENSMUSP00000084361	100.0	S	0.0
Mondom_ENSMODP00000018951	Hsap_ENSP00000311684	100.0	S	0.0
Mondom_ENSMODP00000018951	Canfam_ENSCAFP00000022838	100.0	S	0.0
Mondom_ENSMODP00000018951	Pantro_ENSPTRP00000022133	100.0	S	0.0
Mondom_ENSMODP00000018951	Ratnor_ENSRNOP00000026941	100.0	S	0.0
Dmel_FBpp0290554	Cele_WBGene00006759.1	100.0	S	0.0
Tetnig_ENSTNIP00000022587	Mmus_ENSMUSP00000097561	100.0	S	0.0
Tetnig_ENSTNIP00000022587	Pantro_ENSPTRP00000021693	100.0	S	0.0
Tetnig_ENSTNIP00000022587	Canfam_ENSCAFP00000045361	100.0	S	0.0
Tetnig_ENSTNIP00000022587	Hsap_ENSP00000467141	100.0	S	0.0
Tadh_TriadP22755	Nvec_EDO42837	98.0	S	0.0
Tadh_TriadP22755	Nvec_EDO49090	98.0	S	0.0
Cint_ENSCINP00000030508	Galgal_ENSGALP00000067637	99.0	S	0.0
Cint_ENSCINP00000030508	Canfam_ENSCAFP00000059142	99.0	S	0.0
Cint_ENSCINP00000030508	Tetnig_ENSTNIP00000014650	99.0	S	0.0
Cint_ENSCINP00000030508	Drer_ENSDARP00000019103	99.0	S	0.0
Cint_ENSCINP00000030508	Hsap_ENSP00000418335	99.0	S	0.0
Cint_ENSCINP00000030508	Drer_ENSDARP00000097960	99.0	S	0.0
Cint_ENSCINP00000030508	Galgal_ENSGALP00000061379	99.0	S	0.0
Cint_ENSCINP00000030508	Drer_ENSDARP00000046902	99.0	S	0.0
Cint_ENSCINP00000030508	Tetnig_ENSTNIP00000005577	99.0	S	0.0
Cint_ENSCINP00000030508	Ratnor_ENSRNOP00000062274	99.0	S	0.0
Cint_ENSCINP00000030508	Mondom_ENSMODP00000022873	99.0	S	0.0
Cint_ENSCINP00000030508	Pantro_ENSPTRP00000089511	99.0	S	0.0
Cint_ENSCINP00000030508	Mmus_ENSMUSP00000023538	99.0	S	0.0
Pantro_ENSPTRP00000006610	Pantro_ENSPTRP00000066171	100.0	D	1.0
Hsap_ENSP00000479667	Mmus_ENSMUSP00000042987	93.0	S	0.0
Hsap_ENSP00000479667	Ratnor_ENSRNOP00000072518	93.0	S	0.0
Pantro_ENSPTRP00000066061	Mmus_ENSMUSP00000042987	93.0	S	0.0
Pantro_ENSPTRP00000066061	Ratnor_ENSRNOP00000072518	93.0	S	0.0
Hsap_ENSP00000262752	Pantro_ENSPTRP00000073208	100.0	S	0.0
Canfam_ENSCAFP00000025598	Ratnor_ENSRNOP00000003512	100.0	S	0.0
Canfam_ENSCAFP00000025598	Mmus_ENSMUSP00000080694	100.0	S	0.0
Canfam_ENSCAFP00000025598	Mmus_ENSMUSP00000155405	100.0	S	0.0
Pantro_ENSPTRP00000082053	Mmus_ENSMUSP00000033671	94.0	S	0.0
Pantro_ENSPTRP00000082053	Ratnor_ENSRNOP00000008938	94.0	S	0.0
Pantro_ENSPTRP00000082053	Canfam_ENSCAFP00000019441	94.0	S	0.0
Hsap_ENSP00000368884	Mmus_ENSMUSP00000033671	94.0	S	0.0
Hsap_ENSP00000368884	Ratnor_ENSRNOP00000008938	94.0	S	0.0
Hsap_ENSP00000368884	Canfam_ENSCAFP00000019441	94.0	S	0.0
Mondom_ENSMODP00000045941	Ratnor_ENSRNOP00000017809	100.0	S	0.0
Mondom_ENSMODP00000045941	Canfam_ENSCAFP00000051197	100.0	S	0.0
Mondom_ENSMODP00000045941	Pantro_ENSPTRP00000063286	100.0	S	0.0
Mondom_ENSMODP00000045941	Hsap_ENSP00000422435	100.0	S	0.0
Mondom_ENSMODP00000045941	Mmus_ENSMUSP00000024575	100.0	S	0.0
Mondom_ENSMODP00000046787	Pantro_ENSPTRP00000090887	97.0	S	0.0
Mondom_ENSMODP00000046787	Mmus_ENSMUSP00000119328	97.0	S	0.0
Mondom_ENSMODP00000046787	Ratnor_ENSRNOP00000070880	97.0	S	0.0
Mondom_ENSMODP00000046787	Hsap_ENSP00000487349	97.0	S	0.0
Mondom_ENSMODP00000046787	Canfam_ENSCAFP00000018364	97.0	S	0.0
Mondom_ENSMODP00000046787	Hsap_ENSP00000435412	97.0	S	0.0
Drer_ENSDARP00000156059	Tetnig_ENSTNIP00000018708	100.0	S	0.0
Galgal_ENSGALP00000043519	Mmus_ENSMUSP00000153607	100.0	S	0.0
Galgal_ENSGALP00000043519	Pantro_ENSPTRP00000041316	100.0	S	0.0
Galgal_ENSGALP00000043519	Ratnor_ENSRNOP00000073577	100.0	S	0.0
Galgal_ENSGALP00000043519	Mondom_ENSMODP00000059615	100.0	S	0.0
Galgal_ENSGALP00000043519	Canfam_ENSCAFP00000001889	100.0	S	0.0
Galgal_ENSGALP00000043519	Hsap_ENSP00000350785	100.0	S	0.0
Tetnig_ENSTNIP00000017953	Ratnor_ENSRNOP00000027634	100.0	S	0.0
Tetnig_ENSTNIP00000017953	Galgal_ENSGALP00000055566	100.0	S	0.0
Tetnig_ENSTNIP00000017953	Mondom_ENSMODP00000059359	100.0	S	0.0
Tetnig_ENSTNIP00000017953	Mmus_ENSMUSP00000137333	100.0	S	0.0
Tetnig_ENSTNIP00000017953	Hsap_ENSP00000442973	100.0	S	0.0
Tetnig_ENSTNIP00000017953	Pantro_ENSPTRP00000017483	100.0	S	0.0
Tetnig_ENSTNIP00000017953	Canfam_ENSCAFP00000028273	100.0	S	0.0
Drer_ENSDARP00000120152	Ratnor_ENSRNOP00000027634	100.0	S	0.0
Drer_ENSDARP00000120152	Galgal_ENSGALP00000055566	100.0	S	0.0
Drer_ENSDARP00000120152	Mondom_ENSMODP00000059359	100.0	S	0.0
Drer_ENSDARP00000120152	Mmus_ENSMUSP00000137333	100.0	S	0.0
Drer_ENSDARP00000120152	Hsap_ENSP00000442973	100.0	S	0.0
Drer_ENSDARP00000120152	Pantro_ENSPTRP00000017483	100.0	S	0.0
Drer_ENSDARP00000120152	Canfam_ENSCAFP00000028273	100.0	S	0.0
Mmus_ENSMUSP00000087714	Pantro_ENSPTRP00000028715	99.0	S	0.0
Mmus_ENSMUSP00000087714	Hsap_ENSP00000339299	99.0	S	0.0
Ratnor_ENSRNOP00000016784	Pantro_ENSPTRP00000028715	99.0	S	0.0
Ratnor_ENSRNOP00000016784	Hsap_ENSP00000339299	99.0	S	0.0
Ratnor_ENSRNOP00000039072	Pantro_ENSPTRP00000085473	100.0	S	0.0
Ratnor_ENSRNOP00000039072	Canfam_ENSCAFP00000018209	100.0	S	0.0
Ratnor_ENSRNOP00000039072	Hsap_ENSP00000353109	100.0	S	0.0
Ratnor_ENSRNOP00000039072	Mmus_ENSMUSP00000076088	100.0	S	0.0
Drer_ENSDARP00000067763	Tetnig_ENSTNIP00000022142	100.0	S	0.0
Galgal_ENSGALP00000056836	Pantro_ENSPTRP00000032664	100.0	S	0.0
Galgal_ENSGALP00000056836	Hsap_ENSP00000319192	100.0	S	0.0
Galgal_ENSGALP00000056836	Canfam_ENSCAFP00000005183	100.0	S	0.0
Drer_ENSDARP00000005376	Drer_ENSDARP00000152543	100.0	D	1.0
Mondom_ENSMODP00000015177	Canfam_ENSCAFP00000015677	100.0	S	0.0
Mondom_ENSMODP00000015177	Mmus_ENSMUSP00000027263	100.0	S	0.0
Mondom_ENSMODP00000015177	Hsap_ENSP00000263955	100.0	S	0.0
Mondom_ENSMODP00000015177	Ratnor_ENSRNOP00000016857	100.0	S	0.0
Mondom_ENSMODP00000015177	Pantro_ENSPTRP00000021817	100.0	S	0.0
Pantro_ENSPTRP00000068118	Hsap_ENSP00000355668	100.0	S	0.0
Ratnor_ENSRNOP00000074671	Mmus_ENSMUSP00000158795	100.0	S	0.0
Canfam_ENSCAFP00000022838	Mmus_ENSMUSP00000084361	98.0	S	0.0
Canfam_ENSCAFP00000022838	Pantro_ENSPTRP00000022133	98.0	S	0.0
Canfam_ENSCAFP00000022838	Ratnor_ENSRNOP00000026941	98.0	S	0.0
Canfam_ENSCAFP00000022838	Hsap_ENSP00000311684	98.0	S	0.0
Canfam_ENSCAFP00000045361	Mmus_ENSMUSP00000097561	100.0	S	0.0
Canfam_ENSCAFP00000045361	Pantro_ENSPTRP00000021693	100.0	S	0.0
Canfam_ENSCAFP00000045361	Hsap_ENSP00000467141	100.0	S	0.0
Nvec_EDO42837	Nvec_EDO49090	98.0	D	1.0
Sman_Smp_121780	Dmel_FBpp0289207	62.0	S	0.0
Dmel_FBpp0307635	Bralan_BL96415_cuf14	47.0	S	0.0
Drer_ENSDARP00000115941	Hsap_ENSP00000365162	100.0	S	0.0
Drer_ENSDARP00000115941	Galgal_ENSGALP00000010124	100.0	S	0.0
Drer_ENSDARP00000115941	Ratnor_ENSRNOP00000011255	100.0	S	0.0
Drer_ENSDARP00000115941	Canfam_ENSCAFP00000037644	100.0	S	0.0
Drer_ENSDARP00000115941	Pantro_ENSPTRP00000022910	100.0	S	0.0
Drer_ENSDARP00000115941	Mmus_ENSMUSP00000028970	100.0	S	0.0
Drer_ENSDARP00000115941	Mondom_ENSMODP00000024308	100.0	S	0.0
Hsap_ENSP00000479667	Pantro_ENSPTRP00000066061	100.0	S	0.0
Ratnor_ENSRNOP00000072518	Mmus_ENSMUSP00000042987	100.0	S	0.0
Ratnor_ENSRNOP00000003512	Mmus_ENSMUSP00000080694	100.0	S	0.0
Ratnor_ENSRNOP00000003512	Mmus_ENSMUSP00000155405	100.0	S	0.0
Hsap_ENSP00000368884	Pantro_ENSPTRP00000082053	96.0	S	0.0
Mmus_ENSMUSP00000033671	Ratnor_ENSRNOP00000008938	66.0	S	0.0
Mmus_ENSMUSP00000033671	Canfam_ENSCAFP00000019441	66.0	S	0.0
Ratnor_ENSRNOP00000017809	Canfam_ENSCAFP00000051197	100.0	S	0.0
Ratnor_ENSRNOP00000017809	Pantro_ENSPTRP00000063286	100.0	S	0.0
Ratnor_ENSRNOP00000017809	Hsap_ENSP00000422435	100.0	S	0.0
Mmus_ENSMUSP00000024575	Canfam_ENSCAFP00000051197	100.0	S	0.0
Mmus_ENSMUSP00000024575	Pantro_ENSPTRP00000063286	100.0	S	0.0
Mmus_ENSMUSP00000024575	Hsap_ENSP00000422435	100.0	S	0.0
Canfam_ENSCAFP00000018364	Pantro_ENSPTRP00000090887	97.0	S	0.0
Canfam_ENSCAFP00000018364	Hsap_ENSP00000487349	97.0	S	0.0
Canfam_ENSCAFP00000018364	Hsap_ENSP00000435412	97.0	S	0.0
Mmus_ENSMUSP00000119328	Pantro_ENSPTRP00000090887	97.0	S	0.0
Mmus_ENSMUSP00000119328	Hsap_ENSP00000487349	97.0	S	0.0
Mmus_ENSMUSP00000119328	Hsap_ENSP00000435412	97.0	S	0.0
Ratnor_ENSRNOP00000070880	Pantro_ENSPTRP00000090887	97.0	S	0.0
Ratnor_ENSRNOP00000070880	Hsap_ENSP00000487349	97.0	S	0.0
Ratnor_ENSRNOP00000070880	Hsap_ENSP00000435412	97.0	S	0.0
Mondom_ENSMODP00000059615	Mmus_ENSMUSP00000153607	100.0	S	0.0
Mondom_ENSMODP00000059615	Pantro_ENSPTRP00000041316	100.0	S	0.0
Mondom_ENSMODP00000059615	Ratnor_ENSRNOP00000073577	100.0	S	0.0
Mondom_ENSMODP00000059615	Canfam_ENSCAFP00000001889	100.0	S	0.0
Mondom_ENSMODP00000059615	Hsap_ENSP00000350785	100.0	S	0.0
Drer_ENSDARP00000120152	Tetnig_ENSTNIP00000017953	100.0	S	0.0
Galgal_ENSGALP00000055566	Ratnor_ENSRNOP00000027634	100.0	S	0.0
Galgal_ENSGALP00000055566	Mondom_ENSMODP00000059359	100.0	S	0.0
Galgal_ENSGALP00000055566	Mmus_ENSMUSP00000137333	100.0	S	0.0
Galgal_ENSGALP00000055566	Hsap_ENSP00000442973	100.0	S	0.0
Galgal_ENSGALP00000055566	Pantro_ENSPTRP00000017483	100.0	S	0.0
Galgal_ENSGALP00000055566	Canfam_ENSCAFP00000028273	100.0	S	0.0
Drer_ENSDARP00000081187	Tetnig_ENSTNIP00000006022	100.0	S	0.0
Tetnig_ENSTNIP00000011242	Mondom_ENSMODP00000004265	100.0	S	0.0
Tetnig_ENSTNIP00000011242	Canfam_ENSCAFP00000035631	100.0	S	0.0
Tetnig_ENSTNIP00000011242	Galgal_ENSGALP00000005269	100.0	S	0.0
Tetnig_ENSTNIP00000011242	Pantro_ENSPTRP00000084986	100.0	S	0.0
Tetnig_ENSTNIP00000011242	Ratnor_ENSRNOP00000070087	100.0	S	0.0
Tetnig_ENSTNIP00000011242	Mmus_ENSMUSP00000158747	100.0	S	0.0
Tetnig_ENSTNIP00000011242	Hsap_ENSP00000484390	100.0	S	0.0
Drer_ENSDARP00000135424	Mondom_ENSMODP00000004265	100.0	S	0.0
Drer_ENSDARP00000135424	Canfam_ENSCAFP00000035631	100.0	S	0.0
Drer_ENSDARP00000135424	Galgal_ENSGALP00000005269	100.0	S	0.0
Drer_ENSDARP00000135424	Pantro_ENSPTRP00000084986	100.0	S	0.0
Drer_ENSDARP00000135424	Ratnor_ENSRNOP00000070087	100.0	S	0.0
Drer_ENSDARP00000135424	Mmus_ENSMUSP00000158747	100.0	S	0.0
Drer_ENSDARP00000135424	Hsap_ENSP00000484390	100.0	S	0.0
Mmus_ENSMUSP00000087714	Ratnor_ENSRNOP00000016784	100.0	S	0.0
Hsap_ENSP00000339299	Pantro_ENSPTRP00000028715	100.0	S	0.0
Mmus_ENSMUSP00000076088	Pantro_ENSPTRP00000085473	100.0	S	0.0
Mmus_ENSMUSP00000076088	Canfam_ENSCAFP00000018209	100.0	S	0.0
Mmus_ENSMUSP00000076088	Hsap_ENSP00000353109	100.0	S	0.0
Canfam_ENSCAFP00000005183	Pantro_ENSPTRP00000032664	100.0	S	0.0
Canfam_ENSCAFP00000005183	Hsap_ENSP00000319192	100.0	S	0.0
Mmus_ENSMUSP00000027263	Pantro_ENSPTRP00000021817	100.0	S	0.0
Mmus_ENSMUSP00000027263	Hsap_ENSP00000263955	100.0	S	0.0
Mmus_ENSMUSP00000027263	Canfam_ENSCAFP00000015677	100.0	S	0.0
Ratnor_ENSRNOP00000016857	Pantro_ENSPTRP00000021817	100.0	S	0.0
Ratnor_ENSRNOP00000016857	Hsap_ENSP00000263955	100.0	S	0.0
Ratnor_ENSRNOP00000016857	Canfam_ENSCAFP00000015677	100.0	S	0.0
Pantro_ENSPTRP00000022133	Mmus_ENSMUSP00000084361	98.0	S	0.0
Pantro_ENSPTRP00000022133	Ratnor_ENSRNOP00000026941	98.0	S	0.0
Hsap_ENSP00000311684	Mmus_ENSMUSP00000084361	98.0	S	0.0
Hsap_ENSP00000311684	Ratnor_ENSRNOP00000026941	98.0	S	0.0
Mmus_ENSMUSP00000097561	Pantro_ENSPTRP00000021693	100.0	S	0.0
Mmus_ENSMUSP00000097561	Hsap_ENSP00000467141	100.0	S	0.0
Galgal_ENSGALP00000067637	Tetnig_ENSTNIP00000014650	100.0	S	0.0
Galgal_ENSGALP00000067637	Drer_ENSDARP00000097960	100.0	S	0.0
Drer_ENSDARP00000046902	Canfam_ENSCAFP00000059142	100.0	S	0.0
Drer_ENSDARP00000046902	Hsap_ENSP00000418335	100.0	S	0.0
Drer_ENSDARP00000046902	Galgal_ENSGALP00000061379	100.0	S	0.0
Drer_ENSDARP00000046902	Ratnor_ENSRNOP00000062274	100.0	S	0.0
Drer_ENSDARP00000046902	Mondom_ENSMODP00000022873	100.0	S	0.0
Drer_ENSDARP00000046902	Pantro_ENSPTRP00000089511	100.0	S	0.0
Drer_ENSDARP00000046902	Mmus_ENSMUSP00000023538	100.0	S	0.0
Drer_ENSDARP00000019103	Canfam_ENSCAFP00000059142	100.0	S	0.0
Drer_ENSDARP00000019103	Hsap_ENSP00000418335	100.0	S	0.0
Drer_ENSDARP00000019103	Galgal_ENSGALP00000061379	100.0	S	0.0
Drer_ENSDARP00000019103	Ratnor_ENSRNOP00000062274	100.0	S	0.0
Drer_ENSDARP00000019103	Mondom_ENSMODP00000022873	100.0	S	0.0
Drer_ENSDARP00000019103	Pantro_ENSPTRP00000089511	100.0	S	0.0
Drer_ENSDARP00000019103	Mmus_ENSMUSP00000023538	100.0	S	0.0
Tetnig_ENSTNIP00000005577	Canfam_ENSCAFP00000059142	100.0	S	0.0
Tetnig_ENSTNIP00000005577	Hsap_ENSP00000418335	100.0	S	0.0
Tetnig_ENSTNIP00000005577	Galgal_ENSGALP00000061379	100.0	S	0.0
Tetnig_ENSTNIP00000005577	Ratnor_ENSRNOP00000062274	100.0	S	0.0
Tetnig_ENSTNIP00000005577	Mondom_ENSMODP00000022873	100.0	S	0.0
Tetnig_ENSTNIP00000005577	Pantro_ENSPTRP00000089511	100.0	S	0.0
Tetnig_ENSTNIP00000005577	Mmus_ENSMUSP00000023538	100.0	S	0.0
Galgal_ENSGALP00000010124	Hsap_ENSP00000365162	100.0	S	0.0
Galgal_ENSGALP00000010124	Ratnor_ENSRNOP00000011255	100.0	S	0.0
Galgal_ENSGALP00000010124	Canfam_ENSCAFP00000037644	100.0	S	0.0
Galgal_ENSGALP00000010124	Pantro_ENSPTRP00000022910	100.0	S	0.0
Galgal_ENSGALP00000010124	Mmus_ENSMUSP00000028970	100.0	S	0.0
Galgal_ENSGALP00000010124	Mondom_ENSMODP00000024308	100.0	S	0.0
Drer_ENSDARP00000117853	Canfam_ENSCAFP00000005479	100.0	S	0.0
Drer_ENSDARP00000117853	Hsap_ENSP00000378288	100.0	S	0.0
Drer_ENSDARP00000117853	Pantro_ENSPTRP00000013797	100.0	S	0.0
Drer_ENSDARP00000117853	Galgal_ENSGALP00000053210	100.0	S	0.0
Drer_ENSDARP00000117853	Mondom_ENSMODP00000016026	100.0	S	0.0
Drer_ENSDARP00000117853	Ratnor_ENSRNOP00000023657	100.0	S	0.0
Drer_ENSDARP00000117853	Mmus_ENSMUSP00000034133	100.0	S	0.0
Drer_ENSDARP00000118579	Canfam_ENSCAFP00000040307	100.0	S	0.0
Drer_ENSDARP00000118579	Ratnor_ENSRNOP00000066587	100.0	S	0.0
Drer_ENSDARP00000118579	Galgal_ENSGALP00000067314	100.0	S	0.0
Drer_ENSDARP00000118579	Pantro_ENSPTRP00000030173	100.0	S	0.0
Drer_ENSDARP00000118579	Ratnor_ENSRNOP00000064869	100.0	S	0.0
Drer_ENSDARP00000118579	Hsap_ENSP00000274643	100.0	S	0.0
Drer_ENSDARP00000118579	Mondom_ENSMODP00000047000	100.0	S	0.0
Tetnig_ENSTNIP00000011365	Canfam_ENSCAFP00000040307	100.0	S	0.0
Tetnig_ENSTNIP00000011365	Ratnor_ENSRNOP00000066587	100.0	S	0.0
Tetnig_ENSTNIP00000011365	Galgal_ENSGALP00000067314	100.0	S	0.0
Tetnig_ENSTNIP00000011365	Pantro_ENSPTRP00000030173	100.0	S	0.0
Tetnig_ENSTNIP00000011365	Ratnor_ENSRNOP00000064869	100.0	S	0.0
Tetnig_ENSTNIP00000011365	Hsap_ENSP00000274643	100.0	S	0.0
Tetnig_ENSTNIP00000011365	Mondom_ENSMODP00000047000	100.0	S	0.0
Mmus_ENSMUSP00000080694	Mmus_ENSMUSP00000155405	100.0	D	1.0
Canfam_ENSCAFP00000019441	Ratnor_ENSRNOP00000008938	23.0	S	0.0
Ratnor_ENSRNOP00000017809	Mmus_ENSMUSP00000024575	100.0	S	0.0
Canfam_ENSCAFP00000051197	Pantro_ENSPTRP00000063286	99.0	S	0.0
Canfam_ENSCAFP00000051197	Hsap_ENSP00000422435	99.0	S	0.0
Canfam_ENSCAFP00000018364	Mmus_ENSMUSP00000119328	70.0	S	0.0
Canfam_ENSCAFP00000018364	Ratnor_ENSRNOP00000070880	70.0	S	0.0
Ratnor_ENSRNOP00000073577	Canfam_ENSCAFP00000001889	100.0	S	0.0
Ratnor_ENSRNOP00000073577	Pantro_ENSPTRP00000041316	100.0	S	0.0
Ratnor_ENSRNOP00000073577	Hsap_ENSP00000350785	100.0	S	0.0
Mmus_ENSMUSP00000153607	Canfam_ENSCAFP00000001889	100.0	S	0.0
Mmus_ENSMUSP00000153607	Pantro_ENSPTRP00000041316	100.0	S	0.0
Mmus_ENSMUSP00000153607	Hsap_ENSP00000350785	100.0	S	0.0
Mondom_ENSMODP00000059359	Ratnor_ENSRNOP00000027634	99.0	S	0.0
Mondom_ENSMODP00000059359	Mmus_ENSMUSP00000137333	99.0	S	0.0
Mondom_ENSMODP00000059359	Hsap_ENSP00000442973	99.0	S	0.0
Mondom_ENSMODP00000059359	Pantro_ENSPTRP00000017483	99.0	S	0.0
Mondom_ENSMODP00000059359	Canfam_ENSCAFP00000028273	99.0	S	0.0
Tetnig_ENSTNIP00000011242	Drer_ENSDARP00000135424	100.0	S	0.0
Galgal_ENSGALP00000005269	Mondom_ENSMODP00000004265	99.0	S	0.0
Galgal_ENSGALP00000005269	Canfam_ENSCAFP00000035631	99.0	S	0.0
Galgal_ENSGALP00000005269	Pantro_ENSPTRP00000084986	99.0	S	0.0
Galgal_ENSGALP00000005269	Ratnor_ENSRNOP00000070087	99.0	S	0.0
Galgal_ENSGALP00000005269	Mmus_ENSMUSP00000158747	99.0	S	0.0
Galgal_ENSGALP00000005269	Hsap_ENSP00000484390	99.0	S	0.0
Canfam_ENSCAFP00000018209	Pantro_ENSPTRP00000085473	100.0	S	0.0
Canfam_ENSCAFP00000018209	Hsap_ENSP00000353109	100.0	S	0.0
Hsap_ENSP00000319192	Pantro_ENSPTRP00000032664	1.0	S	0.0
Mmus_ENSMUSP00000027263	Ratnor_ENSRNOP00000016857	100.0	S	0.0
Canfam_ENSCAFP00000015677	Pantro_ENSPTRP00000021817	100.0	S	0.0
Canfam_ENSCAFP00000015677	Hsap_ENSP00000263955	100.0	S	0.0
Pantro_ENSPTRP00000022133	Hsap_ENSP00000311684	100.0	S	0.0
Ratnor_ENSRNOP00000026941	Mmus_ENSMUSP00000084361	100.0	S	0.0
Pantro_ENSPTRP00000021693	Hsap_ENSP00000467141	100.0	S	0.0
Tetnig_ENSTNIP00000014650	Drer_ENSDARP00000097960	100.0	S	0.0
Galgal_ENSGALP00000061379	Canfam_ENSCAFP00000059142	100.0	S	0.0
Galgal_ENSGALP00000061379	Hsap_ENSP00000418335	100.0	S	0.0
Galgal_ENSGALP00000061379	Ratnor_ENSRNOP00000062274	100.0	S	0.0
Galgal_ENSGALP00000061379	Mondom_ENSMODP00000022873	100.0	S	0.0
Galgal_ENSGALP00000061379	Pantro_ENSPTRP00000089511	100.0	S	0.0
Galgal_ENSGALP00000061379	Mmus_ENSMUSP00000023538	100.0	S	0.0
Mondom_ENSMODP00000024308	Hsap_ENSP00000365162	100.0	S	0.0
Mondom_ENSMODP00000024308	Ratnor_ENSRNOP00000011255	100.0	S	0.0
Mondom_ENSMODP00000024308	Canfam_ENSCAFP00000037644	100.0	S	0.0
Mondom_ENSMODP00000024308	Pantro_ENSPTRP00000022910	100.0	S	0.0
Mondom_ENSMODP00000024308	Mmus_ENSMUSP00000028970	100.0	S	0.0
Galgal_ENSGALP00000053210	Canfam_ENSCAFP00000005479	100.0	S	0.0
Galgal_ENSGALP00000053210	Hsap_ENSP00000378288	100.0	S	0.0
Galgal_ENSGALP00000053210	Pantro_ENSPTRP00000013797	100.0	S	0.0
Galgal_ENSGALP00000053210	Mondom_ENSMODP00000016026	100.0	S	0.0
Galgal_ENSGALP00000053210	Ratnor_ENSRNOP00000023657	100.0	S	0.0
Galgal_ENSGALP00000053210	Mmus_ENSMUSP00000034133	100.0	S	0.0
Drer_ENSDARP00000118579	Tetnig_ENSTNIP00000011365	100.0	S	0.0
Galgal_ENSGALP00000067314	Canfam_ENSCAFP00000040307	99.0	S	0.0
Galgal_ENSGALP00000067314	Ratnor_ENSRNOP00000066587	99.0	S	0.0
Galgal_ENSGALP00000067314	Pantro_ENSPTRP00000030173	99.0	S	0.0
Galgal_ENSGALP00000067314	Ratnor_ENSRNOP00000064869	99.0	S	0.0
Galgal_ENSGALP00000067314	Hsap_ENSP00000274643	99.0	S	0.0
Galgal_ENSGALP00000067314	Mondom_ENSMODP00000047000	99.0	S	0.0
Pantro_ENSPTRP00000063286	Hsap_ENSP00000422435	100.0	S	0.0
Mmus_ENSMUSP00000119328	Ratnor_ENSRNOP00000070880	96.0	S	0.0
Hsap_ENSP00000435412	Pantro_ENSPTRP00000090887	1.0	S	0.0
Ratnor_ENSRNOP00000073577	Mmus_ENSMUSP00000153607	100.0	S	0.0
Canfam_ENSCAFP00000001889	Pantro_ENSPTRP00000041316	100.0	S	0.0
Canfam_ENSCAFP00000001889	Hsap_ENSP00000350785	100.0	S	0.0
Hsap_ENSP00000442973	Ratnor_ENSRNOP00000027634	100.0	S	0.0
Hsap_ENSP00000442973	Canfam_ENSCAFP00000028273	100.0	S	0.0
Hsap_ENSP00000442973	Mmus_ENSMUSP00000137333	100.0	S	0.0
Pantro_ENSPTRP00000017483	Ratnor_ENSRNOP00000027634	100.0	S	0.0
Pantro_ENSPTRP00000017483	Canfam_ENSCAFP00000028273	100.0	S	0.0
Pantro_ENSPTRP00000017483	Mmus_ENSMUSP00000137333	100.0	S	0.0
Ratnor_ENSRNOP00000070087	Mondom_ENSMODP00000004265	96.0	S	0.0
Ratnor_ENSRNOP00000070087	Canfam_ENSCAFP00000035631	96.0	S	0.0
Ratnor_ENSRNOP00000070087	Pantro_ENSPTRP00000084986	96.0	S	0.0
Ratnor_ENSRNOP00000070087	Hsap_ENSP00000484390	96.0	S	0.0
Ratnor_ENSRNOP00000070087	Mmus_ENSMUSP00000158747	96.0	S	0.0
Hsap_ENSP00000353109	Pantro_ENSPTRP00000085473	100.0	S	0.0
Hsap_ENSP00000263955	Pantro_ENSPTRP00000021817	100.0	S	0.0
Drer_ENSDARP00000046902	Tetnig_ENSTNIP00000005577	98.0	S	0.0
Mondom_ENSMODP00000022873	Canfam_ENSCAFP00000059142	95.0	S	0.0
Mondom_ENSMODP00000022873	Hsap_ENSP00000418335	95.0	S	0.0
Mondom_ENSMODP00000022873	Ratnor_ENSRNOP00000062274	95.0	S	0.0
Mondom_ENSMODP00000022873	Pantro_ENSPTRP00000089511	95.0	S	0.0
Mondom_ENSMODP00000022873	Mmus_ENSMUSP00000023538	95.0	S	0.0
Ratnor_ENSRNOP00000011255	Canfam_ENSCAFP00000037644	100.0	S	0.0
Ratnor_ENSRNOP00000011255	Hsap_ENSP00000365162	100.0	S	0.0
Ratnor_ENSRNOP00000011255	Pantro_ENSPTRP00000022910	100.0	S	0.0
Mmus_ENSMUSP00000028970	Canfam_ENSCAFP00000037644	100.0	S	0.0
Mmus_ENSMUSP00000028970	Hsap_ENSP00000365162	100.0	S	0.0
Mmus_ENSMUSP00000028970	Pantro_ENSPTRP00000022910	100.0	S	0.0
Mondom_ENSMODP00000016026	Canfam_ENSCAFP00000005479	100.0	S	0.0
Mondom_ENSMODP00000016026	Hsap_ENSP00000378288	100.0	S	0.0
Mondom_ENSMODP00000016026	Pantro_ENSPTRP00000013797	100.0	S	0.0
Mondom_ENSMODP00000016026	Ratnor_ENSRNOP00000023657	100.0	S	0.0
Mondom_ENSMODP00000016026	Mmus_ENSMUSP00000034133	100.0	S	0.0
Mondom_ENSMODP00000047000	Canfam_ENSCAFP00000040307	100.0	S	0.0
Mondom_ENSMODP00000047000	Pantro_ENSPTRP00000030173	100.0	S	0.0
Mondom_ENSMODP00000047000	Ratnor_ENSRNOP00000064869	100.0	S	0.0
Mondom_ENSMODP00000047000	Hsap_ENSP00000274643	100.0	S	0.0
Mondom_ENSMODP00000047000	Ratnor_ENSRNOP00000066587	100.0	S	0.0
Hsap_ENSP00000350785	Pantro_ENSPTRP00000041316	100.0	S	0.0
Hsap_ENSP00000442973	Pantro_ENSPTRP00000017483	100.0	S	0.0
Canfam_ENSCAFP00000028273	Ratnor_ENSRNOP00000027634	96.0	S	0.0
Canfam_ENSCAFP00000028273	Mmus_ENSMUSP00000137333	96.0	S	0.0
Mmus_ENSMUSP00000158747	Mondom_ENSMODP00000004265	46.0	S	0.0
Mmus_ENSMUSP00000158747	Canfam_ENSCAFP00000035631	46.0	S	0.0
Mmus_ENSMUSP00000158747	Pantro_ENSPTRP00000084986	46.0	S	0.0
Mmus_ENSMUSP00000158747	Hsap_ENSP00000484390	46.0	S	0.0
Ratnor_ENSRNOP00000062274	Pantro_ENSPTRP00000089511	72.0	S	0.0
Ratnor_ENSRNOP00000062274	Hsap_ENSP00000418335	72.0	S	0.0
Ratnor_ENSRNOP00000062274	Canfam_ENSCAFP00000059142	72.0	S	0.0
Mmus_ENSMUSP00000023538	Pantro_ENSPTRP00000089511	72.0	S	0.0
Mmus_ENSMUSP00000023538	Hsap_ENSP00000418335	72.0	S	0.0
Mmus_ENSMUSP00000023538	Canfam_ENSCAFP00000059142	72.0	S	0.0
Mmus_ENSMUSP00000028970	Ratnor_ENSRNOP00000011255	100.0	S	0.0
Canfam_ENSCAFP00000037644	Hsap_ENSP00000365162	100.0	S	0.0
Canfam_ENSCAFP00000037644	Pantro_ENSPTRP00000022910	100.0	S	0.0
Hsap_ENSP00000378288	Canfam_ENSCAFP00000005479	100.0	S	0.0
Hsap_ENSP00000378288	Mmus_ENSMUSP00000034133	100.0	S	0.0
Hsap_ENSP00000378288	Ratnor_ENSRNOP00000023657	100.0	S	0.0
Pantro_ENSPTRP00000013797	Canfam_ENSCAFP00000005479	100.0	S	0.0
Pantro_ENSPTRP00000013797	Mmus_ENSMUSP00000034133	100.0	S	0.0
Pantro_ENSPTRP00000013797	Ratnor_ENSRNOP00000023657	100.0	S	0.0
Canfam_ENSCAFP00000040307	Ratnor_ENSRNOP00000066587	100.0	S	0.0
Canfam_ENSCAFP00000040307	Pantro_ENSPTRP00000030173	100.0	S	0.0
Canfam_ENSCAFP00000040307	Ratnor_ENSRNOP00000064869	100.0	S	0.0
Canfam_ENSCAFP00000040307	Hsap_ENSP00000274643	100.0	S	0.0
Ratnor_ENSRNOP00000027634	Mmus_ENSMUSP00000137333	100.0	S	0.0
Mondom_ENSMODP00000004265	Pantro_ENSPTRP00000084986	46.0	S	0.0
Mondom_ENSMODP00000004265	Hsap_ENSP00000484390	46.0	S	0.0
Canfam_ENSCAFP00000035631	Pantro_ENSPTRP00000084986	46.0	S	0.0
Canfam_ENSCAFP00000035631	Hsap_ENSP00000484390	46.0	S	0.0
Ratnor_ENSRNOP00000062274	Mmus_ENSMUSP00000023538	98.0	S	0.0
Canfam_ENSCAFP00000059142	Pantro_ENSPTRP00000089511	76.0	S	0.0
Canfam_ENSCAFP00000059142	Hsap_ENSP00000418335	76.0	S	0.0
Pantro_ENSPTRP00000022910	Hsap_ENSP00000365162	100.0	S	0.0
Hsap_ENSP00000378288	Pantro_ENSPTRP00000013797	100.0	S	0.0
Canfam_ENSCAFP00000005479	Mmus_ENSMUSP00000034133	99.0	S	0.0
Canfam_ENSCAFP00000005479	Ratnor_ENSRNOP00000023657	99.0	S	0.0
Ratnor_ENSRNOP00000066587	Pantro_ENSPTRP00000030173	91.0	S	0.0
Ratnor_ENSRNOP00000066587	Hsap_ENSP00000274643	91.0	S	0.0
Ratnor_ENSRNOP00000064869	Pantro_ENSPTRP00000030173	91.0	S	0.0
Ratnor_ENSRNOP00000064869	Hsap_ENSP00000274643	91.0	S	0.0
Canfam_ENSCAFP00000035631	Mondom_ENSMODP00000004265	46.0	S	0.0
Hsap_ENSP00000484390	Pantro_ENSPTRP00000084986	100.0	S	0.0
Hsap_ENSP00000418335	Pantro_ENSPTRP00000089511	100.0	S	0.0
Ratnor_ENSRNOP00000023657	Mmus_ENSMUSP00000034133	100.0	S	0.0
Ratnor_ENSRNOP00000064869	Ratnor_ENSRNOP00000066587	100.0	D	1.0
Pantro_ENSPTRP00000030173	Hsap_ENSP00000274643	100.0	S	0.0
