in_gene	out_gene	branch_support	ev_type	sos
Cele_WBGene00021905.1	Hsap_ENSP00000295488	91.0	S	0.0
Cele_WBGene00021905.1	Dmel_FBpp0076412	91.0	S	0.0
Cele_WBGene00021905.1	Galgal_ENSGALP00000018252	91.0	S	0.0
Cele_WBGene00021905.1	Tetnig_ENSTNIP00000008380	91.0	S	0.0
Cele_WBGene00021905.1	Canfam_ENSCAFP00000039284	91.0	S	0.0
Cele_WBGene00021905.1	Mondom_ENSMODP00000052339	91.0	S	0.0
Cele_WBGene00021905.1	Pantro_ENSPTRP00000038909	91.0	S	0.0
Cele_WBGene00021905.1	Nvec_EDO44748	91.0	S	0.0
Cele_WBGene00021905.1	Cint_ENSCINP00000013050	91.0	S	0.0
Cele_WBGene00021905.1	Cint_ENSCINP00000035961	91.0	S	0.0
Cele_WBGene00021905.1	Ratnor_ENSRNOP00000002974	91.0	S	0.0
Cele_WBGene00021905.1	Drer_ENSDARP00000104305	91.0	S	0.0
Cele_WBGene00021905.1	Mmus_ENSMUSP00000041599	91.0	S	0.0
Cele_WBGene00021905.1	Sman_Smp_019760	91.0	S	0.0
Cele_WBGene00020964.1	Mlei_ML200217a-PA	99.0	S	0.0
Cele_WBGene00020964.1	Mondom_ENSMODP00000059533	99.0	S	0.0
Cele_WBGene00020964.1	Ratnor_ENSRNOP00000061230	99.0	S	0.0
Cele_WBGene00020964.1	Hsap_ENSP00000481120	99.0	S	0.0
Cele_WBGene00020964.1	Mmus_ENSMUSP00000059757	99.0	S	0.0
Cele_WBGene00020964.1	Drer_ENSDARP00000065555	99.0	S	0.0
Cele_WBGene00020964.1	Pantro_ENSPTRP00000090368	99.0	S	0.0
Cele_WBGene00020964.1	Sman_Smp_155500	99.0	S	0.0
Cele_WBGene00020964.1	Tadh_TriadP25163	99.0	S	0.0
Cele_WBGene00020964.1	Galgal_ENSGALP00000024026	99.0	S	0.0
Cele_WBGene00020964.1	Dmel_FBpp0082131	99.0	S	0.0
Cele_WBGene00020964.1	Canfam_ENSCAFP00000016906	99.0	S	0.0
Cele_WBGene00020964.1	Drer_ENSDARP00000136323	99.0	S	0.0
Cele_WBGene00020964.1	Tetnig_ENSTNIP00000020972	99.0	S	0.0
Mlei_ML200217a-PA	Mondom_ENSMODP00000059533	97.0	S	0.0
Mlei_ML200217a-PA	Ratnor_ENSRNOP00000061230	97.0	S	0.0
Mlei_ML200217a-PA	Hsap_ENSP00000481120	97.0	S	0.0
Mlei_ML200217a-PA	Mmus_ENSMUSP00000059757	97.0	S	0.0
Mlei_ML200217a-PA	Drer_ENSDARP00000065555	97.0	S	0.0
Mlei_ML200217a-PA	Pantro_ENSPTRP00000090368	97.0	S	0.0
Mlei_ML200217a-PA	Sman_Smp_155500	97.0	S	0.0
Mlei_ML200217a-PA	Tadh_TriadP25163	97.0	S	0.0
Mlei_ML200217a-PA	Galgal_ENSGALP00000024026	97.0	S	0.0
Mlei_ML200217a-PA	Dmel_FBpp0082131	97.0	S	0.0
Mlei_ML200217a-PA	Canfam_ENSCAFP00000016906	97.0	S	0.0
Mlei_ML200217a-PA	Drer_ENSDARP00000136323	97.0	S	0.0
Mlei_ML200217a-PA	Tetnig_ENSTNIP00000020972	97.0	S	0.0
Cele_WBGene00016194.1	Mondom_ENSMODP00000046380	100.0	S	0.0
Cele_WBGene00016194.1	Hsap_ENSP00000377344	100.0	S	0.0
Cele_WBGene00016194.1	Mmus_ENSMUSP00000091197	100.0	S	0.0
Cele_WBGene00016194.1	Hsap_ENSP00000422423	100.0	S	0.0
Cele_WBGene00016194.1	Ratnor_ENSRNOP00000074057	100.0	S	0.0
Cele_WBGene00016194.1	Galgal_ENSGALP00000015683	100.0	S	0.0
Cele_WBGene00016194.1	Bralan_BL14607_evm10	100.0	S	0.0
Cele_WBGene00016194.1	Pantro_ENSPTRP00000028456	100.0	S	0.0
Cele_WBGene00016194.1	Mondom_ENSMODP00000052396	100.0	S	0.0
Cele_WBGene00016194.1	Pantro_ENSPTRP00000075463	100.0	S	0.0
Cele_WBGene00016194.1	Canfam_ENSCAFP00000013244	100.0	S	0.0
Cele_WBGene00016194.1	Mondom_ENSMODP00000003212	100.0	S	0.0
Sman_Smp_128140	Canfam_ENSCAFP00000029936	100.0	S	0.0
Sman_Smp_128140	Tadh_TriadP52688	100.0	S	0.0
Sman_Smp_128140	Hsap_ENSP00000359454	100.0	S	0.0
Sman_Smp_128140	Mmus_ENSMUSP00000112590	100.0	S	0.0
Sman_Smp_128140	Mondom_ENSMODP00000037529	100.0	S	0.0
Sman_Smp_128140	Galgal_ENSGALP00000071937	100.0	S	0.0
Sman_Smp_128140	Nvec_EDO34884	100.0	S	0.0
Sman_Smp_128140	Tetnig_ENSTNIP00000009760	100.0	S	0.0
Sman_Smp_128140	Galgal_ENSGALP00000009813	100.0	S	0.0
Sman_Smp_128140	Bralan_BL14301_evm6	100.0	S	0.0
Sman_Smp_128140	Mlei_ML12562a-PA	100.0	S	0.0
Sman_Smp_128140	Pantro_ENSPTRP00000057235	100.0	S	0.0
Sman_Smp_128140	Ratnor_ENSRNOP00000034409	100.0	S	0.0
Sman_Smp_128140	Drer_ENSDARP00000137345	100.0	S	0.0
Sman_Smp_019760	Hsap_ENSP00000295488	67.0	S	0.0
Sman_Smp_019760	Dmel_FBpp0076412	67.0	S	0.0
Sman_Smp_019760	Galgal_ENSGALP00000018252	67.0	S	0.0
Sman_Smp_019760	Tetnig_ENSTNIP00000008380	67.0	S	0.0
Sman_Smp_019760	Canfam_ENSCAFP00000039284	67.0	S	0.0
Sman_Smp_019760	Mondom_ENSMODP00000052339	67.0	S	0.0
Sman_Smp_019760	Pantro_ENSPTRP00000038909	67.0	S	0.0
Sman_Smp_019760	Nvec_EDO44748	67.0	S	0.0
Sman_Smp_019760	Cint_ENSCINP00000013050	67.0	S	0.0
Sman_Smp_019760	Ratnor_ENSRNOP00000002974	67.0	S	0.0
Sman_Smp_019760	Drer_ENSDARP00000104305	67.0	S	0.0
Sman_Smp_019760	Mmus_ENSMUSP00000041599	67.0	S	0.0
Dmel_FBpp0082131	Mondom_ENSMODP00000059533	63.0	S	0.0
Dmel_FBpp0082131	Ratnor_ENSRNOP00000061230	63.0	S	0.0
Dmel_FBpp0082131	Hsap_ENSP00000481120	63.0	S	0.0
Dmel_FBpp0082131	Mmus_ENSMUSP00000059757	63.0	S	0.0
Dmel_FBpp0082131	Drer_ENSDARP00000065555	63.0	S	0.0
Dmel_FBpp0082131	Pantro_ENSPTRP00000090368	63.0	S	0.0
Dmel_FBpp0082131	Sman_Smp_155500	63.0	S	0.0
Dmel_FBpp0082131	Tadh_TriadP25163	63.0	S	0.0
Dmel_FBpp0082131	Galgal_ENSGALP00000024026	63.0	S	0.0
Dmel_FBpp0082131	Canfam_ENSCAFP00000016906	63.0	S	0.0
Dmel_FBpp0082131	Drer_ENSDARP00000136323	63.0	S	0.0
Dmel_FBpp0082131	Tetnig_ENSTNIP00000020972	63.0	S	0.0
Bralan_BL14607_evm10	Mondom_ENSMODP00000046380	100.0	S	0.0
Bralan_BL14607_evm10	Hsap_ENSP00000377344	100.0	S	0.0
Bralan_BL14607_evm10	Mmus_ENSMUSP00000091197	100.0	S	0.0
Bralan_BL14607_evm10	Hsap_ENSP00000422423	100.0	S	0.0
Bralan_BL14607_evm10	Ratnor_ENSRNOP00000074057	100.0	S	0.0
Bralan_BL14607_evm10	Galgal_ENSGALP00000015683	100.0	S	0.0
Bralan_BL14607_evm10	Pantro_ENSPTRP00000028456	100.0	S	0.0
Bralan_BL14607_evm10	Mondom_ENSMODP00000052396	100.0	S	0.0
Bralan_BL14607_evm10	Pantro_ENSPTRP00000075463	100.0	S	0.0
Bralan_BL14607_evm10	Canfam_ENSCAFP00000013244	100.0	S	0.0
Bralan_BL14607_evm10	Mondom_ENSMODP00000003212	100.0	S	0.0
Cele_WBGene00012342.1	Ratnor_ENSRNOP00000057426	100.0	S	0.0
Cele_WBGene00012342.1	Canfam_ENSCAFP00000010181	100.0	S	0.0
Cele_WBGene00012342.1	Sman_Smp_120360	100.0	S	0.0
Cele_WBGene00012342.1	Mmus_ENSMUSP00000022281	100.0	S	0.0
Cele_WBGene00012342.1	Drer_ENSDARP00000024380	100.0	S	0.0
Cele_WBGene00012342.1	Galgal_ENSGALP00000023673	100.0	S	0.0
Cele_WBGene00012342.1	Hsap_ENSP00000230640	100.0	S	0.0
Cele_WBGene00012342.1	Dmel_FBpp0080319	100.0	S	0.0
Cele_WBGene00012342.1	Cint_ENSCINP00000006656	100.0	S	0.0
Cele_WBGene00012342.1	Tetnig_ENSTNIP00000002704	100.0	S	0.0
Cele_WBGene00012342.1	Pantro_ENSPTRP00000028912	100.0	S	0.0
Cele_WBGene00012342.1	Mlei_ML03258a-PA	100.0	S	0.0
Cele_WBGene00012342.1	Mondom_ENSMODP00000024321	100.0	S	0.0
Cele_WBGene00012342.1	Nvec_EDO43976	100.0	S	0.0
Sman_Smp_137580	Canfam_ENSCAFP00000000965	100.0	S	0.0
Sman_Smp_137580	Hsap_ENSP00000412310	100.0	S	0.0
Sman_Smp_137580	Tetnig_ENSTNIP00000007016	100.0	S	0.0
Sman_Smp_137580	Dmel_FBpp0083853	100.0	S	0.0
Sman_Smp_137580	Cint_ENSCINP00000011555	100.0	S	0.0
Sman_Smp_137580	Hsap_ENSP00000372827	100.0	S	0.0
Sman_Smp_137580	Tadh_TriadP21387	100.0	S	0.0
Sman_Smp_137580	Mondom_ENSMODP00000042666	100.0	S	0.0
Sman_Smp_137580	Hsap_ENSP00000399530	100.0	S	0.0
Sman_Smp_137580	Pantro_ENSPTRP00000046852	100.0	S	0.0
Sman_Smp_137580	Cele_WBGene00008502.1	100.0	S	0.0
Sman_Smp_137580	Drer_ENSDARP00000146737	100.0	S	0.0
Sman_Smp_137580	Mmus_ENSMUSP00000036265	100.0	S	0.0
Sman_Smp_137580	Hsap_ENSP00000400626	100.0	S	0.0
Sman_Smp_137580	Hsap_ENSP00000394400	100.0	S	0.0
Sman_Smp_137580	Nvec_EDO38196	100.0	S	0.0
Sman_Smp_137580	Hsap_ENSP00000364543	100.0	S	0.0
Sman_Smp_137580	Ratnor_ENSRNOP00000000481	100.0	S	0.0
Sman_Smp_137580	Mlei_ML091011a-PA	100.0	S	0.0
Sman_Smp_137580	Galgal_ENSGALP00000073389	100.0	S	0.0
Tadh_TriadP52688	Canfam_ENSCAFP00000029936	94.0	S	0.0
Tadh_TriadP52688	Hsap_ENSP00000359454	94.0	S	0.0
Tadh_TriadP52688	Mmus_ENSMUSP00000112590	94.0	S	0.0
Tadh_TriadP52688	Mondom_ENSMODP00000037529	94.0	S	0.0
Tadh_TriadP52688	Galgal_ENSGALP00000071937	94.0	S	0.0
Tadh_TriadP52688	Nvec_EDO34884	94.0	S	0.0
Tadh_TriadP52688	Tetnig_ENSTNIP00000009760	94.0	S	0.0
Tadh_TriadP52688	Galgal_ENSGALP00000009813	94.0	S	0.0
Tadh_TriadP52688	Bralan_BL14301_evm6	94.0	S	0.0
Tadh_TriadP52688	Mlei_ML12562a-PA	94.0	S	0.0
Tadh_TriadP52688	Pantro_ENSPTRP00000057235	94.0	S	0.0
Tadh_TriadP52688	Ratnor_ENSRNOP00000034409	94.0	S	0.0
Tadh_TriadP52688	Drer_ENSDARP00000137345	94.0	S	0.0
Tadh_TriadP25989	Mmus_ENSMUSP00000036726	62.0	S	0.0
Tadh_TriadP25989	Hsap_ENSP00000358159	62.0	S	0.0
Tadh_TriadP25989	Drer_ENSDARP00000106925	62.0	S	0.0
Tadh_TriadP25989	Mlei_ML11543a-PA	62.0	S	0.0
Tadh_TriadP25989	Galgal_ENSGALP00000024889	62.0	S	0.0
Tadh_TriadP25989	Cint_ENSCINP00000031503	62.0	S	0.0
Tadh_TriadP25989	Nvec_EDO46714	62.0	S	0.0
Tadh_TriadP25989	Cint_ENSCINP00000033683	62.0	S	0.0
Tadh_TriadP25989	Pantro_ENSPTRP00000031510	62.0	S	0.0
Tadh_TriadP25989	Dmel_FBpp0082601	62.0	S	0.0
Tadh_TriadP25989	Canfam_ENSCAFP00000005292	62.0	S	0.0
Tadh_TriadP25989	Bralan_BL14331_cuf11	62.0	S	0.0
Tadh_TriadP25989	Cele_WBGene00013189.1	62.0	S	0.0
Tadh_TriadP25989	Ratnor_ENSRNOP00000053848	62.0	S	0.0
Tadh_TriadP25989	Sman_Smp_156920	62.0	S	0.0
Tadh_TriadP25989	Tetnig_ENSTNIP00000007744	62.0	S	0.0
Tadh_TriadP25989	Mondom_ENSMODP00000022547	62.0	S	0.0
Nvec_EDO49146	Pantro_ENSPTRP00000093514	100.0	S	0.0
Nvec_EDO49146	Ratnor_ENSRNOP00000048598	100.0	S	0.0
Nvec_EDO49146	Dmel_FBpp0075282	100.0	S	0.0
Nvec_EDO49146	Mondom_ENSMODP00000010540	100.0	S	0.0
Nvec_EDO49146	Tadh_TriadP51100	100.0	S	0.0
Nvec_EDO49146	Hsap_ENSP00000317123	100.0	S	0.0
Nvec_EDO49146	Canfam_ENSCAFP00000065424	100.0	S	0.0
Nvec_EDO49146	Sman_Smp_105700	100.0	S	0.0
Nvec_EDO49146	Cele_WBGene00012896.1	100.0	S	0.0
Nvec_EDO49146	Tetnig_ENSTNIP00000006950	100.0	S	0.0
Nvec_EDO49146	Galgal_ENSGALP00000066377	100.0	S	0.0
Nvec_EDO49146	Cint_ENSCINP00000010465	100.0	S	0.0
Nvec_EDO49146	Bralan_BL16682_cuf6	100.0	S	0.0
Nvec_EDO49146	Drer_ENSDARP00000098660	100.0	S	0.0
Nvec_EDO49146	Mmus_ENSMUSP00000099509	100.0	S	0.0
Nvec_EDO49146	Pantro_ENSPTRP00000020959	100.0	S	0.0
Nvec_EDO49146	Mlei_ML009128a-PA	100.0	S	0.0
Nvec_EDO49146	Drer_ENSDARP00000147551	100.0	S	0.0
Nvec_EDO49146	Galgal_ENSGALP00000056910	100.0	S	0.0
Dmel_FBpp0076412	Hsap_ENSP00000295488	96.0	S	0.0
Dmel_FBpp0076412	Galgal_ENSGALP00000018252	96.0	S	0.0
Dmel_FBpp0076412	Tetnig_ENSTNIP00000008380	96.0	S	0.0
Dmel_FBpp0076412	Canfam_ENSCAFP00000039284	96.0	S	0.0
Dmel_FBpp0076412	Mondom_ENSMODP00000052339	96.0	S	0.0
Dmel_FBpp0076412	Pantro_ENSPTRP00000038909	96.0	S	0.0
Dmel_FBpp0076412	Nvec_EDO44748	96.0	S	0.0
Dmel_FBpp0076412	Cint_ENSCINP00000013050	96.0	S	0.0
Dmel_FBpp0076412	Ratnor_ENSRNOP00000002974	96.0	S	0.0
Dmel_FBpp0076412	Drer_ENSDARP00000104305	96.0	S	0.0
Dmel_FBpp0076412	Mmus_ENSMUSP00000041599	96.0	S	0.0
Tadh_TriadP25163	Mondom_ENSMODP00000059533	87.0	S	0.0
Tadh_TriadP25163	Ratnor_ENSRNOP00000061230	87.0	S	0.0
Tadh_TriadP25163	Hsap_ENSP00000481120	87.0	S	0.0
Tadh_TriadP25163	Mmus_ENSMUSP00000059757	87.0	S	0.0
Tadh_TriadP25163	Drer_ENSDARP00000065555	87.0	S	0.0
Tadh_TriadP25163	Pantro_ENSPTRP00000090368	87.0	S	0.0
Tadh_TriadP25163	Galgal_ENSGALP00000024026	87.0	S	0.0
Tadh_TriadP25163	Canfam_ENSCAFP00000016906	87.0	S	0.0
Tadh_TriadP25163	Drer_ENSDARP00000136323	87.0	S	0.0
Tadh_TriadP25163	Tetnig_ENSTNIP00000020972	87.0	S	0.0
Sman_Smp_155500	Mondom_ENSMODP00000059533	87.0	S	0.0
Sman_Smp_155500	Ratnor_ENSRNOP00000061230	87.0	S	0.0
Sman_Smp_155500	Hsap_ENSP00000481120	87.0	S	0.0
Sman_Smp_155500	Mmus_ENSMUSP00000059757	87.0	S	0.0
Sman_Smp_155500	Drer_ENSDARP00000065555	87.0	S	0.0
Sman_Smp_155500	Pantro_ENSPTRP00000090368	87.0	S	0.0
Sman_Smp_155500	Galgal_ENSGALP00000024026	87.0	S	0.0
Sman_Smp_155500	Canfam_ENSCAFP00000016906	87.0	S	0.0
Sman_Smp_155500	Drer_ENSDARP00000136323	87.0	S	0.0
Sman_Smp_155500	Tetnig_ENSTNIP00000020972	87.0	S	0.0
Sman_Smp_120360	Ratnor_ENSRNOP00000057426	100.0	S	0.0
Sman_Smp_120360	Canfam_ENSCAFP00000010181	100.0	S	0.0
Sman_Smp_120360	Mmus_ENSMUSP00000022281	100.0	S	0.0
Sman_Smp_120360	Drer_ENSDARP00000024380	100.0	S	0.0
Sman_Smp_120360	Galgal_ENSGALP00000023673	100.0	S	0.0
Sman_Smp_120360	Hsap_ENSP00000230640	100.0	S	0.0
Sman_Smp_120360	Dmel_FBpp0080319	100.0	S	0.0
Sman_Smp_120360	Cint_ENSCINP00000006656	100.0	S	0.0
Sman_Smp_120360	Tetnig_ENSTNIP00000002704	100.0	S	0.0
Sman_Smp_120360	Pantro_ENSPTRP00000028912	100.0	S	0.0
Sman_Smp_120360	Mlei_ML03258a-PA	100.0	S	0.0
Sman_Smp_120360	Mondom_ENSMODP00000024321	100.0	S	0.0
Sman_Smp_120360	Nvec_EDO43976	100.0	S	0.0
Cele_WBGene00008502.1	Canfam_ENSCAFP00000000965	99.0	S	0.0
Cele_WBGene00008502.1	Hsap_ENSP00000412310	99.0	S	0.0
Cele_WBGene00008502.1	Tetnig_ENSTNIP00000007016	99.0	S	0.0
Cele_WBGene00008502.1	Dmel_FBpp0083853	99.0	S	0.0
Cele_WBGene00008502.1	Cint_ENSCINP00000011555	99.0	S	0.0
Cele_WBGene00008502.1	Hsap_ENSP00000372827	99.0	S	0.0
Cele_WBGene00008502.1	Tadh_TriadP21387	99.0	S	0.0
Cele_WBGene00008502.1	Mondom_ENSMODP00000042666	99.0	S	0.0
Cele_WBGene00008502.1	Hsap_ENSP00000399530	99.0	S	0.0
Cele_WBGene00008502.1	Pantro_ENSPTRP00000046852	99.0	S	0.0
Cele_WBGene00008502.1	Drer_ENSDARP00000146737	99.0	S	0.0
Cele_WBGene00008502.1	Mmus_ENSMUSP00000036265	99.0	S	0.0
Cele_WBGene00008502.1	Hsap_ENSP00000400626	99.0	S	0.0
Cele_WBGene00008502.1	Hsap_ENSP00000394400	99.0	S	0.0
Cele_WBGene00008502.1	Nvec_EDO38196	99.0	S	0.0
Cele_WBGene00008502.1	Hsap_ENSP00000364543	99.0	S	0.0
Cele_WBGene00008502.1	Ratnor_ENSRNOP00000000481	99.0	S	0.0
Cele_WBGene00008502.1	Mlei_ML091011a-PA	99.0	S	0.0
Cele_WBGene00008502.1	Galgal_ENSGALP00000073389	99.0	S	0.0
Nvec_EDO34884	Canfam_ENSCAFP00000029936	75.0	S	0.0
Nvec_EDO34884	Hsap_ENSP00000359454	75.0	S	0.0
Nvec_EDO34884	Mmus_ENSMUSP00000112590	75.0	S	0.0
Nvec_EDO34884	Mondom_ENSMODP00000037529	75.0	S	0.0
Nvec_EDO34884	Galgal_ENSGALP00000071937	75.0	S	0.0
Nvec_EDO34884	Tetnig_ENSTNIP00000009760	75.0	S	0.0
Nvec_EDO34884	Galgal_ENSGALP00000009813	75.0	S	0.0
Nvec_EDO34884	Bralan_BL14301_evm6	75.0	S	0.0
Nvec_EDO34884	Mlei_ML12562a-PA	75.0	S	0.0
Nvec_EDO34884	Pantro_ENSPTRP00000057235	75.0	S	0.0
Nvec_EDO34884	Ratnor_ENSRNOP00000034409	75.0	S	0.0
Nvec_EDO34884	Drer_ENSDARP00000137345	75.0	S	0.0
Tadh_TriadP51100	Pantro_ENSPTRP00000093514	60.0	S	0.0
Tadh_TriadP51100	Ratnor_ENSRNOP00000048598	60.0	S	0.0
Tadh_TriadP51100	Dmel_FBpp0075282	60.0	S	0.0
Tadh_TriadP51100	Mondom_ENSMODP00000010540	60.0	S	0.0
Tadh_TriadP51100	Hsap_ENSP00000317123	60.0	S	0.0
Tadh_TriadP51100	Canfam_ENSCAFP00000065424	60.0	S	0.0
Tadh_TriadP51100	Sman_Smp_105700	60.0	S	0.0
Tadh_TriadP51100	Cele_WBGene00012896.1	60.0	S	0.0
Tadh_TriadP51100	Tetnig_ENSTNIP00000006950	60.0	S	0.0
Tadh_TriadP51100	Galgal_ENSGALP00000066377	60.0	S	0.0
Tadh_TriadP51100	Cint_ENSCINP00000010465	60.0	S	0.0
Tadh_TriadP51100	Bralan_BL16682_cuf6	60.0	S	0.0
Tadh_TriadP51100	Drer_ENSDARP00000098660	60.0	S	0.0
Tadh_TriadP51100	Mmus_ENSMUSP00000099509	60.0	S	0.0
Tadh_TriadP51100	Pantro_ENSPTRP00000020959	60.0	S	0.0
Tadh_TriadP51100	Mlei_ML009128a-PA	60.0	S	0.0
Tadh_TriadP51100	Drer_ENSDARP00000147551	60.0	S	0.0
Tadh_TriadP51100	Galgal_ENSGALP00000056910	60.0	S	0.0
Nvec_EDO44748	Hsap_ENSP00000295488	99.0	S	0.0
Nvec_EDO44748	Galgal_ENSGALP00000018252	99.0	S	0.0
Nvec_EDO44748	Tetnig_ENSTNIP00000008380	99.0	S	0.0
Nvec_EDO44748	Canfam_ENSCAFP00000039284	99.0	S	0.0
Nvec_EDO44748	Mondom_ENSMODP00000052339	99.0	S	0.0
Nvec_EDO44748	Pantro_ENSPTRP00000038909	99.0	S	0.0
Nvec_EDO44748	Ratnor_ENSRNOP00000002974	99.0	S	0.0
Nvec_EDO44748	Drer_ENSDARP00000104305	99.0	S	0.0
Nvec_EDO44748	Mmus_ENSMUSP00000041599	99.0	S	0.0
Cint_ENSCINP00000013050	Hsap_ENSP00000295488	99.0	S	0.0
Cint_ENSCINP00000013050	Galgal_ENSGALP00000018252	99.0	S	0.0
Cint_ENSCINP00000013050	Tetnig_ENSTNIP00000008380	99.0	S	0.0
Cint_ENSCINP00000013050	Canfam_ENSCAFP00000039284	99.0	S	0.0
Cint_ENSCINP00000013050	Mondom_ENSMODP00000052339	99.0	S	0.0
Cint_ENSCINP00000013050	Pantro_ENSPTRP00000038909	99.0	S	0.0
Cint_ENSCINP00000013050	Ratnor_ENSRNOP00000002974	99.0	S	0.0
Cint_ENSCINP00000013050	Drer_ENSDARP00000104305	99.0	S	0.0
Cint_ENSCINP00000013050	Mmus_ENSMUSP00000041599	99.0	S	0.0
Tadh_TriadP25163	Sman_Smp_155500	88.0	S	0.0
Drer_ENSDARP00000065555	Mondom_ENSMODP00000059533	100.0	S	0.0
Drer_ENSDARP00000065555	Ratnor_ENSRNOP00000061230	100.0	S	0.0
Drer_ENSDARP00000065555	Hsap_ENSP00000481120	100.0	S	0.0
Drer_ENSDARP00000065555	Mmus_ENSMUSP00000059757	100.0	S	0.0
Drer_ENSDARP00000065555	Pantro_ENSPTRP00000090368	100.0	S	0.0
Drer_ENSDARP00000065555	Galgal_ENSGALP00000024026	100.0	S	0.0
Drer_ENSDARP00000065555	Canfam_ENSCAFP00000016906	100.0	S	0.0
Drer_ENSDARP00000136323	Mondom_ENSMODP00000059533	100.0	S	0.0
Drer_ENSDARP00000136323	Ratnor_ENSRNOP00000061230	100.0	S	0.0
Drer_ENSDARP00000136323	Hsap_ENSP00000481120	100.0	S	0.0
Drer_ENSDARP00000136323	Mmus_ENSMUSP00000059757	100.0	S	0.0
Drer_ENSDARP00000136323	Pantro_ENSPTRP00000090368	100.0	S	0.0
Drer_ENSDARP00000136323	Galgal_ENSGALP00000024026	100.0	S	0.0
Drer_ENSDARP00000136323	Canfam_ENSCAFP00000016906	100.0	S	0.0
Tetnig_ENSTNIP00000020972	Mondom_ENSMODP00000059533	100.0	S	0.0
Tetnig_ENSTNIP00000020972	Ratnor_ENSRNOP00000061230	100.0	S	0.0
Tetnig_ENSTNIP00000020972	Hsap_ENSP00000481120	100.0	S	0.0
Tetnig_ENSTNIP00000020972	Mmus_ENSMUSP00000059757	100.0	S	0.0
Tetnig_ENSTNIP00000020972	Pantro_ENSPTRP00000090368	100.0	S	0.0
Tetnig_ENSTNIP00000020972	Galgal_ENSGALP00000024026	100.0	S	0.0
Tetnig_ENSTNIP00000020972	Canfam_ENSCAFP00000016906	100.0	S	0.0
Galgal_ENSGALP00000015683	Mondom_ENSMODP00000046380	100.0	S	0.0
Mondom_ENSMODP00000003212	Hsap_ENSP00000377344	100.0	S	0.0
Mondom_ENSMODP00000003212	Mmus_ENSMUSP00000091197	100.0	S	0.0
Mondom_ENSMODP00000003212	Hsap_ENSP00000422423	100.0	S	0.0
Mondom_ENSMODP00000003212	Ratnor_ENSRNOP00000074057	100.0	S	0.0
Mondom_ENSMODP00000003212	Pantro_ENSPTRP00000028456	100.0	S	0.0
Mondom_ENSMODP00000003212	Canfam_ENSCAFP00000013244	100.0	S	0.0
Mondom_ENSMODP00000003212	Pantro_ENSPTRP00000075463	100.0	S	0.0
Mondom_ENSMODP00000052396	Hsap_ENSP00000377344	100.0	S	0.0
Mondom_ENSMODP00000052396	Mmus_ENSMUSP00000091197	100.0	S	0.0
Mondom_ENSMODP00000052396	Hsap_ENSP00000422423	100.0	S	0.0
Mondom_ENSMODP00000052396	Ratnor_ENSRNOP00000074057	100.0	S	0.0
Mondom_ENSMODP00000052396	Pantro_ENSPTRP00000028456	100.0	S	0.0
Mondom_ENSMODP00000052396	Canfam_ENSCAFP00000013244	100.0	S	0.0
Mondom_ENSMODP00000052396	Pantro_ENSPTRP00000075463	100.0	S	0.0
Dmel_FBpp0080319	Ratnor_ENSRNOP00000057426	100.0	S	0.0
Dmel_FBpp0080319	Canfam_ENSCAFP00000010181	100.0	S	0.0
Dmel_FBpp0080319	Mmus_ENSMUSP00000022281	100.0	S	0.0
Dmel_FBpp0080319	Drer_ENSDARP00000024380	100.0	S	0.0
Dmel_FBpp0080319	Galgal_ENSGALP00000023673	100.0	S	0.0
Dmel_FBpp0080319	Hsap_ENSP00000230640	100.0	S	0.0
Dmel_FBpp0080319	Tetnig_ENSTNIP00000002704	100.0	S	0.0
Dmel_FBpp0080319	Cint_ENSCINP00000006656	100.0	S	0.0
Dmel_FBpp0080319	Pantro_ENSPTRP00000028912	100.0	S	0.0
Dmel_FBpp0080319	Mlei_ML03258a-PA	100.0	S	0.0
Dmel_FBpp0080319	Mondom_ENSMODP00000024321	100.0	S	0.0
Dmel_FBpp0080319	Nvec_EDO43976	100.0	S	0.0
Dmel_FBpp0083853	Canfam_ENSCAFP00000000965	96.0	S	0.0
Dmel_FBpp0083853	Hsap_ENSP00000412310	96.0	S	0.0
Dmel_FBpp0083853	Tetnig_ENSTNIP00000007016	96.0	S	0.0
Dmel_FBpp0083853	Cint_ENSCINP00000011555	96.0	S	0.0
Dmel_FBpp0083853	Hsap_ENSP00000372827	96.0	S	0.0
Dmel_FBpp0083853	Tadh_TriadP21387	96.0	S	0.0
Dmel_FBpp0083853	Mondom_ENSMODP00000042666	96.0	S	0.0
Dmel_FBpp0083853	Hsap_ENSP00000399530	96.0	S	0.0
Dmel_FBpp0083853	Pantro_ENSPTRP00000046852	96.0	S	0.0
Dmel_FBpp0083853	Drer_ENSDARP00000146737	96.0	S	0.0
Dmel_FBpp0083853	Mmus_ENSMUSP00000036265	96.0	S	0.0
Dmel_FBpp0083853	Hsap_ENSP00000400626	96.0	S	0.0
Dmel_FBpp0083853	Hsap_ENSP00000394400	96.0	S	0.0
Dmel_FBpp0083853	Nvec_EDO38196	96.0	S	0.0
Dmel_FBpp0083853	Hsap_ENSP00000364543	96.0	S	0.0
Dmel_FBpp0083853	Ratnor_ENSRNOP00000000481	96.0	S	0.0
Dmel_FBpp0083853	Mlei_ML091011a-PA	96.0	S	0.0
Dmel_FBpp0083853	Galgal_ENSGALP00000073389	96.0	S	0.0
Bralan_BL14301_evm6	Canfam_ENSCAFP00000029936	73.0	S	0.0
Bralan_BL14301_evm6	Hsap_ENSP00000359454	73.0	S	0.0
Bralan_BL14301_evm6	Mmus_ENSMUSP00000112590	73.0	S	0.0
Bralan_BL14301_evm6	Mondom_ENSMODP00000037529	73.0	S	0.0
Bralan_BL14301_evm6	Galgal_ENSGALP00000071937	73.0	S	0.0
Bralan_BL14301_evm6	Tetnig_ENSTNIP00000009760	73.0	S	0.0
Bralan_BL14301_evm6	Galgal_ENSGALP00000009813	73.0	S	0.0
Bralan_BL14301_evm6	Pantro_ENSPTRP00000057235	73.0	S	0.0
Bralan_BL14301_evm6	Ratnor_ENSRNOP00000034409	73.0	S	0.0
Bralan_BL14301_evm6	Drer_ENSDARP00000137345	73.0	S	0.0
Mlei_ML12562a-PA	Canfam_ENSCAFP00000029936	73.0	S	0.0
Mlei_ML12562a-PA	Hsap_ENSP00000359454	73.0	S	0.0
Mlei_ML12562a-PA	Mmus_ENSMUSP00000112590	73.0	S	0.0
Mlei_ML12562a-PA	Mondom_ENSMODP00000037529	73.0	S	0.0
Mlei_ML12562a-PA	Galgal_ENSGALP00000071937	73.0	S	0.0
Mlei_ML12562a-PA	Tetnig_ENSTNIP00000009760	73.0	S	0.0
Mlei_ML12562a-PA	Galgal_ENSGALP00000009813	73.0	S	0.0
Mlei_ML12562a-PA	Pantro_ENSPTRP00000057235	73.0	S	0.0
Mlei_ML12562a-PA	Ratnor_ENSRNOP00000034409	73.0	S	0.0
Mlei_ML12562a-PA	Drer_ENSDARP00000137345	73.0	S	0.0
Mlei_ML11543a-PA	Cint_ENSCINP00000031503	51.0	S	0.0
Mlei_ML11543a-PA	Sman_Smp_156920	51.0	S	0.0
Mlei_ML11543a-PA	Dmel_FBpp0082601	51.0	S	0.0
Cele_WBGene00013189.1	Cint_ENSCINP00000031503	51.0	S	0.0
Cele_WBGene00013189.1	Sman_Smp_156920	51.0	S	0.0
Cele_WBGene00013189.1	Dmel_FBpp0082601	51.0	S	0.0
Nvec_EDO46714	Mmus_ENSMUSP00000036726	64.0	S	0.0
Nvec_EDO46714	Hsap_ENSP00000358159	64.0	S	0.0
Nvec_EDO46714	Drer_ENSDARP00000106925	64.0	S	0.0
Nvec_EDO46714	Galgal_ENSGALP00000024889	64.0	S	0.0
Nvec_EDO46714	Cint_ENSCINP00000033683	64.0	S	0.0
Nvec_EDO46714	Pantro_ENSPTRP00000031510	64.0	S	0.0
Nvec_EDO46714	Bralan_BL14331_cuf11	64.0	S	0.0
Nvec_EDO46714	Mondom_ENSMODP00000022547	64.0	S	0.0
Nvec_EDO46714	Ratnor_ENSRNOP00000053848	64.0	S	0.0
Nvec_EDO46714	Canfam_ENSCAFP00000005292	64.0	S	0.0
Nvec_EDO46714	Tetnig_ENSTNIP00000007744	64.0	S	0.0
Mlei_ML009128a-PA	Pantro_ENSPTRP00000093514	60.0	S	0.0
Mlei_ML009128a-PA	Ratnor_ENSRNOP00000048598	60.0	S	0.0
Mlei_ML009128a-PA	Dmel_FBpp0075282	60.0	S	0.0
Mlei_ML009128a-PA	Mondom_ENSMODP00000010540	60.0	S	0.0
Mlei_ML009128a-PA	Hsap_ENSP00000317123	60.0	S	0.0
Mlei_ML009128a-PA	Canfam_ENSCAFP00000065424	60.0	S	0.0
Mlei_ML009128a-PA	Sman_Smp_105700	60.0	S	0.0
Mlei_ML009128a-PA	Cele_WBGene00012896.1	60.0	S	0.0
Mlei_ML009128a-PA	Tetnig_ENSTNIP00000006950	60.0	S	0.0
Mlei_ML009128a-PA	Galgal_ENSGALP00000066377	60.0	S	0.0
Mlei_ML009128a-PA	Cint_ENSCINP00000010465	60.0	S	0.0
Mlei_ML009128a-PA	Bralan_BL16682_cuf6	60.0	S	0.0
Mlei_ML009128a-PA	Drer_ENSDARP00000098660	60.0	S	0.0
Mlei_ML009128a-PA	Mmus_ENSMUSP00000099509	60.0	S	0.0
Mlei_ML009128a-PA	Pantro_ENSPTRP00000020959	60.0	S	0.0
Mlei_ML009128a-PA	Drer_ENSDARP00000147551	60.0	S	0.0
Mlei_ML009128a-PA	Galgal_ENSGALP00000056910	60.0	S	0.0
Cint_ENSCINP00000013050	Nvec_EDO44748	98.0	S	0.0
Tetnig_ENSTNIP00000008380	Hsap_ENSP00000295488	100.0	S	0.0
Tetnig_ENSTNIP00000008380	Galgal_ENSGALP00000018252	100.0	S	0.0
Tetnig_ENSTNIP00000008380	Canfam_ENSCAFP00000039284	100.0	S	0.0
Tetnig_ENSTNIP00000008380	Mondom_ENSMODP00000052339	100.0	S	0.0
Tetnig_ENSTNIP00000008380	Pantro_ENSPTRP00000038909	100.0	S	0.0
Tetnig_ENSTNIP00000008380	Ratnor_ENSRNOP00000002974	100.0	S	0.0
Tetnig_ENSTNIP00000008380	Mmus_ENSMUSP00000041599	100.0	S	0.0
Drer_ENSDARP00000104305	Hsap_ENSP00000295488	100.0	S	0.0
Drer_ENSDARP00000104305	Galgal_ENSGALP00000018252	100.0	S	0.0
Drer_ENSDARP00000104305	Canfam_ENSCAFP00000039284	100.0	S	0.0
Drer_ENSDARP00000104305	Mondom_ENSMODP00000052339	100.0	S	0.0
Drer_ENSDARP00000104305	Pantro_ENSPTRP00000038909	100.0	S	0.0
Drer_ENSDARP00000104305	Ratnor_ENSRNOP00000002974	100.0	S	0.0
Drer_ENSDARP00000104305	Mmus_ENSMUSP00000041599	100.0	S	0.0
Tetnig_ENSTNIP00000020972	Drer_ENSDARP00000065555	100.0	S	0.0
Tetnig_ENSTNIP00000020972	Drer_ENSDARP00000136323	100.0	S	0.0
Galgal_ENSGALP00000024026	Mondom_ENSMODP00000059533	98.0	S	0.0
Galgal_ENSGALP00000024026	Hsap_ENSP00000481120	98.0	S	0.0
Galgal_ENSGALP00000024026	Mmus_ENSMUSP00000059757	98.0	S	0.0
Galgal_ENSGALP00000024026	Pantro_ENSPTRP00000090368	98.0	S	0.0
Galgal_ENSGALP00000024026	Ratnor_ENSRNOP00000061230	98.0	S	0.0
Galgal_ENSGALP00000024026	Canfam_ENSCAFP00000016906	98.0	S	0.0
Mondom_ENSMODP00000052396	Mondom_ENSMODP00000003212	100.0	D	1.0
Canfam_ENSCAFP00000013244	Hsap_ENSP00000377344	98.0	S	0.0
Canfam_ENSCAFP00000013244	Mmus_ENSMUSP00000091197	98.0	S	0.0
Canfam_ENSCAFP00000013244	Hsap_ENSP00000422423	98.0	S	0.0
Canfam_ENSCAFP00000013244	Ratnor_ENSRNOP00000074057	98.0	S	0.0
Canfam_ENSCAFP00000013244	Pantro_ENSPTRP00000028456	98.0	S	0.0
Canfam_ENSCAFP00000013244	Pantro_ENSPTRP00000075463	98.0	S	0.0
Mlei_ML03258a-PA	Ratnor_ENSRNOP00000057426	100.0	S	0.0
Mlei_ML03258a-PA	Canfam_ENSCAFP00000010181	100.0	S	0.0
Mlei_ML03258a-PA	Mmus_ENSMUSP00000022281	100.0	S	0.0
Mlei_ML03258a-PA	Drer_ENSDARP00000024380	100.0	S	0.0
Mlei_ML03258a-PA	Galgal_ENSGALP00000023673	100.0	S	0.0
Mlei_ML03258a-PA	Hsap_ENSP00000230640	100.0	S	0.0
Mlei_ML03258a-PA	Tetnig_ENSTNIP00000002704	100.0	S	0.0
Mlei_ML03258a-PA	Cint_ENSCINP00000006656	100.0	S	0.0
Mlei_ML03258a-PA	Pantro_ENSPTRP00000028912	100.0	S	0.0
Mlei_ML03258a-PA	Mondom_ENSMODP00000024321	100.0	S	0.0
Mlei_ML03258a-PA	Nvec_EDO43976	100.0	S	0.0
Mlei_ML091011a-PA	Canfam_ENSCAFP00000000965	93.0	S	0.0
Mlei_ML091011a-PA	Hsap_ENSP00000412310	93.0	S	0.0
Mlei_ML091011a-PA	Tetnig_ENSTNIP00000007016	93.0	S	0.0
Mlei_ML091011a-PA	Hsap_ENSP00000372827	93.0	S	0.0
Mlei_ML091011a-PA	Mondom_ENSMODP00000042666	93.0	S	0.0
Mlei_ML091011a-PA	Hsap_ENSP00000399530	93.0	S	0.0
Mlei_ML091011a-PA	Pantro_ENSPTRP00000046852	93.0	S	0.0
Mlei_ML091011a-PA	Drer_ENSDARP00000146737	93.0	S	0.0
Mlei_ML091011a-PA	Mmus_ENSMUSP00000036265	93.0	S	0.0
Mlei_ML091011a-PA	Hsap_ENSP00000400626	93.0	S	0.0
Mlei_ML091011a-PA	Hsap_ENSP00000394400	93.0	S	0.0
Mlei_ML091011a-PA	Nvec_EDO38196	93.0	S	0.0
Mlei_ML091011a-PA	Hsap_ENSP00000364543	93.0	S	0.0
Mlei_ML091011a-PA	Ratnor_ENSRNOP00000000481	93.0	S	0.0
Mlei_ML091011a-PA	Cint_ENSCINP00000011555	93.0	S	0.0
Mlei_ML091011a-PA	Galgal_ENSGALP00000073389	93.0	S	0.0
Tadh_TriadP21387	Canfam_ENSCAFP00000000965	93.0	S	0.0
Tadh_TriadP21387	Hsap_ENSP00000412310	93.0	S	0.0
Tadh_TriadP21387	Tetnig_ENSTNIP00000007016	93.0	S	0.0
Tadh_TriadP21387	Hsap_ENSP00000372827	93.0	S	0.0
Tadh_TriadP21387	Mondom_ENSMODP00000042666	93.0	S	0.0
Tadh_TriadP21387	Hsap_ENSP00000399530	93.0	S	0.0
Tadh_TriadP21387	Pantro_ENSPTRP00000046852	93.0	S	0.0
Tadh_TriadP21387	Drer_ENSDARP00000146737	93.0	S	0.0
Tadh_TriadP21387	Mmus_ENSMUSP00000036265	93.0	S	0.0
Tadh_TriadP21387	Hsap_ENSP00000400626	93.0	S	0.0
Tadh_TriadP21387	Hsap_ENSP00000394400	93.0	S	0.0
Tadh_TriadP21387	Nvec_EDO38196	93.0	S	0.0
Tadh_TriadP21387	Hsap_ENSP00000364543	93.0	S	0.0
Tadh_TriadP21387	Ratnor_ENSRNOP00000000481	93.0	S	0.0
Tadh_TriadP21387	Cint_ENSCINP00000011555	93.0	S	0.0
Tadh_TriadP21387	Galgal_ENSGALP00000073389	93.0	S	0.0
Mlei_ML12562a-PA	Bralan_BL14301_evm6	74.0	S	0.0
Drer_ENSDARP00000137345	Canfam_ENSCAFP00000029936	100.0	S	0.0
Drer_ENSDARP00000137345	Hsap_ENSP00000359454	100.0	S	0.0
Drer_ENSDARP00000137345	Mmus_ENSMUSP00000112590	100.0	S	0.0
Drer_ENSDARP00000137345	Mondom_ENSMODP00000037529	100.0	S	0.0
Drer_ENSDARP00000137345	Galgal_ENSGALP00000071937	100.0	S	0.0
Drer_ENSDARP00000137345	Galgal_ENSGALP00000009813	100.0	S	0.0
Drer_ENSDARP00000137345	Pantro_ENSPTRP00000057235	100.0	S	0.0
Drer_ENSDARP00000137345	Ratnor_ENSRNOP00000034409	100.0	S	0.0
Tetnig_ENSTNIP00000009760	Canfam_ENSCAFP00000029936	100.0	S	0.0
Tetnig_ENSTNIP00000009760	Hsap_ENSP00000359454	100.0	S	0.0
Tetnig_ENSTNIP00000009760	Mmus_ENSMUSP00000112590	100.0	S	0.0
Tetnig_ENSTNIP00000009760	Mondom_ENSMODP00000037529	100.0	S	0.0
Tetnig_ENSTNIP00000009760	Galgal_ENSGALP00000071937	100.0	S	0.0
Tetnig_ENSTNIP00000009760	Galgal_ENSGALP00000009813	100.0	S	0.0
Tetnig_ENSTNIP00000009760	Pantro_ENSPTRP00000057235	100.0	S	0.0
Tetnig_ENSTNIP00000009760	Ratnor_ENSRNOP00000034409	100.0	S	0.0
Mlei_ML11543a-PA	Cele_WBGene00013189.1	77.0	S	0.0
Sman_Smp_156920	Cint_ENSCINP00000031503	74.0	S	0.0
Sman_Smp_156920	Dmel_FBpp0082601	74.0	S	0.0
Bralan_BL14331_cuf11	Mmus_ENSMUSP00000036726	1.0	S	0.0
Bralan_BL14331_cuf11	Hsap_ENSP00000358159	1.0	S	0.0
Bralan_BL14331_cuf11	Drer_ENSDARP00000106925	1.0	S	0.0
Bralan_BL14331_cuf11	Galgal_ENSGALP00000024889	1.0	S	0.0
Bralan_BL14331_cuf11	Cint_ENSCINP00000033683	1.0	S	0.0
Bralan_BL14331_cuf11	Pantro_ENSPTRP00000031510	1.0	S	0.0
Bralan_BL14331_cuf11	Ratnor_ENSRNOP00000053848	1.0	S	0.0
Bralan_BL14331_cuf11	Canfam_ENSCAFP00000005292	1.0	S	0.0
Bralan_BL14331_cuf11	Tetnig_ENSTNIP00000007744	1.0	S	0.0
Bralan_BL14331_cuf11	Mondom_ENSMODP00000022547	1.0	S	0.0
Sman_Smp_105700	Pantro_ENSPTRP00000093514	72.0	S	0.0
Sman_Smp_105700	Ratnor_ENSRNOP00000048598	72.0	S	0.0
Sman_Smp_105700	Dmel_FBpp0075282	72.0	S	0.0
Sman_Smp_105700	Mondom_ENSMODP00000010540	72.0	S	0.0
Sman_Smp_105700	Hsap_ENSP00000317123	72.0	S	0.0
Sman_Smp_105700	Canfam_ENSCAFP00000065424	72.0	S	0.0
Sman_Smp_105700	Tetnig_ENSTNIP00000006950	72.0	S	0.0
Sman_Smp_105700	Galgal_ENSGALP00000066377	72.0	S	0.0
Sman_Smp_105700	Cint_ENSCINP00000010465	72.0	S	0.0
Sman_Smp_105700	Bralan_BL16682_cuf6	72.0	S	0.0
Sman_Smp_105700	Drer_ENSDARP00000098660	72.0	S	0.0
Sman_Smp_105700	Mmus_ENSMUSP00000099509	72.0	S	0.0
Sman_Smp_105700	Pantro_ENSPTRP00000020959	72.0	S	0.0
Sman_Smp_105700	Drer_ENSDARP00000147551	72.0	S	0.0
Sman_Smp_105700	Galgal_ENSGALP00000056910	72.0	S	0.0
Cele_WBGene00012896.1	Pantro_ENSPTRP00000093514	72.0	S	0.0
Cele_WBGene00012896.1	Ratnor_ENSRNOP00000048598	72.0	S	0.0
Cele_WBGene00012896.1	Dmel_FBpp0075282	72.0	S	0.0
Cele_WBGene00012896.1	Mondom_ENSMODP00000010540	72.0	S	0.0
Cele_WBGene00012896.1	Hsap_ENSP00000317123	72.0	S	0.0
Cele_WBGene00012896.1	Canfam_ENSCAFP00000065424	72.0	S	0.0
Cele_WBGene00012896.1	Tetnig_ENSTNIP00000006950	72.0	S	0.0
Cele_WBGene00012896.1	Galgal_ENSGALP00000066377	72.0	S	0.0
Cele_WBGene00012896.1	Cint_ENSCINP00000010465	72.0	S	0.0
Cele_WBGene00012896.1	Bralan_BL16682_cuf6	72.0	S	0.0
Cele_WBGene00012896.1	Drer_ENSDARP00000098660	72.0	S	0.0
Cele_WBGene00012896.1	Mmus_ENSMUSP00000099509	72.0	S	0.0
Cele_WBGene00012896.1	Pantro_ENSPTRP00000020959	72.0	S	0.0
Cele_WBGene00012896.1	Drer_ENSDARP00000147551	72.0	S	0.0
Cele_WBGene00012896.1	Galgal_ENSGALP00000056910	72.0	S	0.0
Tetnig_ENSTNIP00000008380	Drer_ENSDARP00000104305	100.0	S	0.0
Galgal_ENSGALP00000018252	Hsap_ENSP00000295488	100.0	S	0.0
Galgal_ENSGALP00000018252	Canfam_ENSCAFP00000039284	100.0	S	0.0
Galgal_ENSGALP00000018252	Mondom_ENSMODP00000052339	100.0	S	0.0
Galgal_ENSGALP00000018252	Pantro_ENSPTRP00000038909	100.0	S	0.0
Galgal_ENSGALP00000018252	Ratnor_ENSRNOP00000002974	100.0	S	0.0
Galgal_ENSGALP00000018252	Mmus_ENSMUSP00000041599	100.0	S	0.0
Drer_ENSDARP00000136323	Drer_ENSDARP00000065555	100.0	D	1.0
Mondom_ENSMODP00000059533	Hsap_ENSP00000481120	100.0	S	0.0
Mondom_ENSMODP00000059533	Mmus_ENSMUSP00000059757	100.0	S	0.0
Mondom_ENSMODP00000059533	Pantro_ENSPTRP00000090368	100.0	S	0.0
Mondom_ENSMODP00000059533	Ratnor_ENSRNOP00000061230	100.0	S	0.0
Mondom_ENSMODP00000059533	Canfam_ENSCAFP00000016906	100.0	S	0.0
Nvec_EDO43976	Ratnor_ENSRNOP00000057426	95.0	S	0.0
Nvec_EDO43976	Canfam_ENSCAFP00000010181	95.0	S	0.0
Nvec_EDO43976	Mmus_ENSMUSP00000022281	95.0	S	0.0
Nvec_EDO43976	Drer_ENSDARP00000024380	95.0	S	0.0
Nvec_EDO43976	Galgal_ENSGALP00000023673	95.0	S	0.0
Nvec_EDO43976	Hsap_ENSP00000230640	95.0	S	0.0
Nvec_EDO43976	Tetnig_ENSTNIP00000002704	95.0	S	0.0
Nvec_EDO43976	Cint_ENSCINP00000006656	95.0	S	0.0
Nvec_EDO43976	Pantro_ENSPTRP00000028912	95.0	S	0.0
Nvec_EDO43976	Mondom_ENSMODP00000024321	95.0	S	0.0
Tadh_TriadP21387	Mlei_ML091011a-PA	93.0	S	0.0
Nvec_EDO38196	Canfam_ENSCAFP00000000965	93.0	S	0.0
Nvec_EDO38196	Tetnig_ENSTNIP00000007016	93.0	S	0.0
Nvec_EDO38196	Hsap_ENSP00000372827	93.0	S	0.0
Nvec_EDO38196	Mondom_ENSMODP00000042666	93.0	S	0.0
Nvec_EDO38196	Hsap_ENSP00000399530	93.0	S	0.0
Nvec_EDO38196	Pantro_ENSPTRP00000046852	93.0	S	0.0
Nvec_EDO38196	Drer_ENSDARP00000146737	93.0	S	0.0
Nvec_EDO38196	Mmus_ENSMUSP00000036265	93.0	S	0.0
Nvec_EDO38196	Hsap_ENSP00000400626	93.0	S	0.0
Nvec_EDO38196	Hsap_ENSP00000394400	93.0	S	0.0
Nvec_EDO38196	Hsap_ENSP00000412310	93.0	S	0.0
Nvec_EDO38196	Hsap_ENSP00000364543	93.0	S	0.0
Nvec_EDO38196	Ratnor_ENSRNOP00000000481	93.0	S	0.0
Nvec_EDO38196	Cint_ENSCINP00000011555	93.0	S	0.0
Nvec_EDO38196	Galgal_ENSGALP00000073389	93.0	S	0.0
Drer_ENSDARP00000137345	Tetnig_ENSTNIP00000009760	100.0	S	0.0
Dmel_FBpp0082601	Cint_ENSCINP00000031503	96.0	S	0.0
Cint_ENSCINP00000033683	Mmus_ENSMUSP00000036726	89.0	S	0.0
Cint_ENSCINP00000033683	Hsap_ENSP00000358159	89.0	S	0.0
Cint_ENSCINP00000033683	Drer_ENSDARP00000106925	89.0	S	0.0
Cint_ENSCINP00000033683	Galgal_ENSGALP00000024889	89.0	S	0.0
Cint_ENSCINP00000033683	Pantro_ENSPTRP00000031510	89.0	S	0.0
Cint_ENSCINP00000033683	Ratnor_ENSRNOP00000053848	89.0	S	0.0
Cint_ENSCINP00000033683	Canfam_ENSCAFP00000005292	89.0	S	0.0
Cint_ENSCINP00000033683	Tetnig_ENSTNIP00000007744	89.0	S	0.0
Cint_ENSCINP00000033683	Mondom_ENSMODP00000022547	89.0	S	0.0
Sman_Smp_105700	Cele_WBGene00012896.1	94.0	S	0.0
Mondom_ENSMODP00000052339	Hsap_ENSP00000295488	100.0	S	0.0
Mondom_ENSMODP00000052339	Canfam_ENSCAFP00000039284	100.0	S	0.0
Mondom_ENSMODP00000052339	Pantro_ENSPTRP00000038909	100.0	S	0.0
Mondom_ENSMODP00000052339	Ratnor_ENSRNOP00000002974	100.0	S	0.0
Mondom_ENSMODP00000052339	Mmus_ENSMUSP00000041599	100.0	S	0.0
Canfam_ENSCAFP00000016906	Mmus_ENSMUSP00000059757	100.0	S	0.0
Canfam_ENSCAFP00000016906	Hsap_ENSP00000481120	100.0	S	0.0
Canfam_ENSCAFP00000016906	Ratnor_ENSRNOP00000061230	100.0	S	0.0
Canfam_ENSCAFP00000016906	Pantro_ENSPTRP00000090368	100.0	S	0.0
Pantro_ENSPTRP00000075463	Hsap_ENSP00000422423	100.0	S	0.0
Hsap_ENSP00000377344	Mmus_ENSMUSP00000091197	76.0	S	0.0
Hsap_ENSP00000377344	Ratnor_ENSRNOP00000074057	76.0	S	0.0
Pantro_ENSPTRP00000028456	Mmus_ENSMUSP00000091197	76.0	S	0.0
Pantro_ENSPTRP00000028456	Ratnor_ENSRNOP00000074057	76.0	S	0.0
Cint_ENSCINP00000006656	Ratnor_ENSRNOP00000057426	94.0	S	0.0
Cint_ENSCINP00000006656	Canfam_ENSCAFP00000010181	94.0	S	0.0
Cint_ENSCINP00000006656	Mmus_ENSMUSP00000022281	94.0	S	0.0
Cint_ENSCINP00000006656	Drer_ENSDARP00000024380	94.0	S	0.0
Cint_ENSCINP00000006656	Galgal_ENSGALP00000023673	94.0	S	0.0
Cint_ENSCINP00000006656	Hsap_ENSP00000230640	94.0	S	0.0
Cint_ENSCINP00000006656	Tetnig_ENSTNIP00000002704	94.0	S	0.0
Cint_ENSCINP00000006656	Pantro_ENSPTRP00000028912	94.0	S	0.0
Cint_ENSCINP00000006656	Mondom_ENSMODP00000024321	94.0	S	0.0
Cint_ENSCINP00000011555	Canfam_ENSCAFP00000000965	40.0	S	0.0
Cint_ENSCINP00000011555	Tetnig_ENSTNIP00000007016	40.0	S	0.0
Cint_ENSCINP00000011555	Hsap_ENSP00000372827	40.0	S	0.0
Cint_ENSCINP00000011555	Mondom_ENSMODP00000042666	40.0	S	0.0
Cint_ENSCINP00000011555	Hsap_ENSP00000399530	40.0	S	0.0
Cint_ENSCINP00000011555	Pantro_ENSPTRP00000046852	40.0	S	0.0
Cint_ENSCINP00000011555	Drer_ENSDARP00000146737	40.0	S	0.0
Cint_ENSCINP00000011555	Mmus_ENSMUSP00000036265	40.0	S	0.0
Cint_ENSCINP00000011555	Hsap_ENSP00000400626	40.0	S	0.0
Cint_ENSCINP00000011555	Hsap_ENSP00000394400	40.0	S	0.0
Cint_ENSCINP00000011555	Hsap_ENSP00000412310	40.0	S	0.0
Cint_ENSCINP00000011555	Hsap_ENSP00000364543	40.0	S	0.0
Cint_ENSCINP00000011555	Ratnor_ENSRNOP00000000481	40.0	S	0.0
Cint_ENSCINP00000011555	Galgal_ENSGALP00000073389	40.0	S	0.0
Galgal_ENSGALP00000009813	Canfam_ENSCAFP00000029936	93.0	S	0.0
Galgal_ENSGALP00000009813	Hsap_ENSP00000359454	93.0	S	0.0
Galgal_ENSGALP00000009813	Mmus_ENSMUSP00000112590	93.0	S	0.0
Galgal_ENSGALP00000009813	Mondom_ENSMODP00000037529	93.0	S	0.0
Galgal_ENSGALP00000009813	Pantro_ENSPTRP00000057235	93.0	S	0.0
Galgal_ENSGALP00000009813	Ratnor_ENSRNOP00000034409	93.0	S	0.0
Tetnig_ENSTNIP00000007744	Mmus_ENSMUSP00000036726	100.0	S	0.0
Tetnig_ENSTNIP00000007744	Hsap_ENSP00000358159	100.0	S	0.0
Tetnig_ENSTNIP00000007744	Galgal_ENSGALP00000024889	100.0	S	0.0
Tetnig_ENSTNIP00000007744	Pantro_ENSPTRP00000031510	100.0	S	0.0
Tetnig_ENSTNIP00000007744	Ratnor_ENSRNOP00000053848	100.0	S	0.0
Tetnig_ENSTNIP00000007744	Canfam_ENSCAFP00000005292	100.0	S	0.0
Tetnig_ENSTNIP00000007744	Mondom_ENSMODP00000022547	100.0	S	0.0
Drer_ENSDARP00000106925	Mmus_ENSMUSP00000036726	100.0	S	0.0
Drer_ENSDARP00000106925	Hsap_ENSP00000358159	100.0	S	0.0
Drer_ENSDARP00000106925	Galgal_ENSGALP00000024889	100.0	S	0.0
Drer_ENSDARP00000106925	Pantro_ENSPTRP00000031510	100.0	S	0.0
Drer_ENSDARP00000106925	Ratnor_ENSRNOP00000053848	100.0	S	0.0
Drer_ENSDARP00000106925	Canfam_ENSCAFP00000005292	100.0	S	0.0
Drer_ENSDARP00000106925	Mondom_ENSMODP00000022547	100.0	S	0.0
Dmel_FBpp0075282	Ratnor_ENSRNOP00000048598	55.0	S	0.0
Dmel_FBpp0075282	Mondom_ENSMODP00000010540	55.0	S	0.0
Dmel_FBpp0075282	Hsap_ENSP00000317123	55.0	S	0.0
Dmel_FBpp0075282	Canfam_ENSCAFP00000065424	55.0	S	0.0
Dmel_FBpp0075282	Tetnig_ENSTNIP00000006950	55.0	S	0.0
Dmel_FBpp0075282	Galgal_ENSGALP00000066377	55.0	S	0.0
Dmel_FBpp0075282	Cint_ENSCINP00000010465	55.0	S	0.0
Dmel_FBpp0075282	Bralan_BL16682_cuf6	55.0	S	0.0
Dmel_FBpp0075282	Drer_ENSDARP00000098660	55.0	S	0.0
Dmel_FBpp0075282	Mmus_ENSMUSP00000099509	55.0	S	0.0
Dmel_FBpp0075282	Pantro_ENSPTRP00000020959	55.0	S	0.0
Dmel_FBpp0075282	Drer_ENSDARP00000147551	55.0	S	0.0
Dmel_FBpp0075282	Galgal_ENSGALP00000056910	55.0	S	0.0
Mmus_ENSMUSP00000041599	Hsap_ENSP00000295488	100.0	S	0.0
Mmus_ENSMUSP00000041599	Pantro_ENSPTRP00000038909	100.0	S	0.0
Mmus_ENSMUSP00000041599	Canfam_ENSCAFP00000039284	100.0	S	0.0
Ratnor_ENSRNOP00000002974	Hsap_ENSP00000295488	100.0	S	0.0
Ratnor_ENSRNOP00000002974	Pantro_ENSPTRP00000038909	100.0	S	0.0
Ratnor_ENSRNOP00000002974	Canfam_ENSCAFP00000039284	100.0	S	0.0
Mmus_ENSMUSP00000059757	Hsap_ENSP00000481120	99.0	S	0.0
Mmus_ENSMUSP00000059757	Pantro_ENSPTRP00000090368	99.0	S	0.0
Ratnor_ENSRNOP00000061230	Hsap_ENSP00000481120	99.0	S	0.0
Ratnor_ENSRNOP00000061230	Pantro_ENSPTRP00000090368	99.0	S	0.0
Hsap_ENSP00000377344	Pantro_ENSPTRP00000028456	100.0	S	0.0
Mmus_ENSMUSP00000091197	Ratnor_ENSRNOP00000074057	100.0	S	0.0
Tetnig_ENSTNIP00000002704	Ratnor_ENSRNOP00000057426	100.0	S	0.0
Tetnig_ENSTNIP00000002704	Canfam_ENSCAFP00000010181	100.0	S	0.0
Tetnig_ENSTNIP00000002704	Mmus_ENSMUSP00000022281	100.0	S	0.0
Tetnig_ENSTNIP00000002704	Galgal_ENSGALP00000023673	100.0	S	0.0
Tetnig_ENSTNIP00000002704	Hsap_ENSP00000230640	100.0	S	0.0
Tetnig_ENSTNIP00000002704	Pantro_ENSPTRP00000028912	100.0	S	0.0
Tetnig_ENSTNIP00000002704	Mondom_ENSMODP00000024321	100.0	S	0.0
Drer_ENSDARP00000024380	Ratnor_ENSRNOP00000057426	100.0	S	0.0
Drer_ENSDARP00000024380	Canfam_ENSCAFP00000010181	100.0	S	0.0
Drer_ENSDARP00000024380	Mmus_ENSMUSP00000022281	100.0	S	0.0
Drer_ENSDARP00000024380	Galgal_ENSGALP00000023673	100.0	S	0.0
Drer_ENSDARP00000024380	Hsap_ENSP00000230640	100.0	S	0.0
Drer_ENSDARP00000024380	Pantro_ENSPTRP00000028912	100.0	S	0.0
Drer_ENSDARP00000024380	Mondom_ENSMODP00000024321	100.0	S	0.0
Tetnig_ENSTNIP00000007016	Galgal_ENSGALP00000073389	100.0	S	0.0
Tetnig_ENSTNIP00000007016	Hsap_ENSP00000372827	100.0	S	0.0
Tetnig_ENSTNIP00000007016	Mondom_ENSMODP00000042666	100.0	S	0.0
Tetnig_ENSTNIP00000007016	Hsap_ENSP00000399530	100.0	S	0.0
Tetnig_ENSTNIP00000007016	Pantro_ENSPTRP00000046852	100.0	S	0.0
Tetnig_ENSTNIP00000007016	Mmus_ENSMUSP00000036265	100.0	S	0.0
Tetnig_ENSTNIP00000007016	Hsap_ENSP00000400626	100.0	S	0.0
Tetnig_ENSTNIP00000007016	Hsap_ENSP00000394400	100.0	S	0.0
Tetnig_ENSTNIP00000007016	Hsap_ENSP00000412310	100.0	S	0.0
Tetnig_ENSTNIP00000007016	Hsap_ENSP00000364543	100.0	S	0.0
Tetnig_ENSTNIP00000007016	Ratnor_ENSRNOP00000000481	100.0	S	0.0
Tetnig_ENSTNIP00000007016	Canfam_ENSCAFP00000000965	100.0	S	0.0
Drer_ENSDARP00000146737	Galgal_ENSGALP00000073389	100.0	S	0.0
Drer_ENSDARP00000146737	Hsap_ENSP00000372827	100.0	S	0.0
Drer_ENSDARP00000146737	Mondom_ENSMODP00000042666	100.0	S	0.0
Drer_ENSDARP00000146737	Hsap_ENSP00000399530	100.0	S	0.0
Drer_ENSDARP00000146737	Pantro_ENSPTRP00000046852	100.0	S	0.0
Drer_ENSDARP00000146737	Mmus_ENSMUSP00000036265	100.0	S	0.0
Drer_ENSDARP00000146737	Hsap_ENSP00000400626	100.0	S	0.0
Drer_ENSDARP00000146737	Hsap_ENSP00000394400	100.0	S	0.0
Drer_ENSDARP00000146737	Hsap_ENSP00000412310	100.0	S	0.0
Drer_ENSDARP00000146737	Hsap_ENSP00000364543	100.0	S	0.0
Drer_ENSDARP00000146737	Ratnor_ENSRNOP00000000481	100.0	S	0.0
Drer_ENSDARP00000146737	Canfam_ENSCAFP00000000965	100.0	S	0.0
Mondom_ENSMODP00000037529	Canfam_ENSCAFP00000029936	100.0	S	0.0
Mondom_ENSMODP00000037529	Hsap_ENSP00000359454	100.0	S	0.0
Mondom_ENSMODP00000037529	Mmus_ENSMUSP00000112590	100.0	S	0.0
Mondom_ENSMODP00000037529	Pantro_ENSPTRP00000057235	100.0	S	0.0
Mondom_ENSMODP00000037529	Ratnor_ENSRNOP00000034409	100.0	S	0.0
Drer_ENSDARP00000106925	Tetnig_ENSTNIP00000007744	100.0	S	0.0
Galgal_ENSGALP00000024889	Mmus_ENSMUSP00000036726	100.0	S	0.0
Galgal_ENSGALP00000024889	Hsap_ENSP00000358159	100.0	S	0.0
Galgal_ENSGALP00000024889	Pantro_ENSPTRP00000031510	100.0	S	0.0
Galgal_ENSGALP00000024889	Ratnor_ENSRNOP00000053848	100.0	S	0.0
Galgal_ENSGALP00000024889	Canfam_ENSCAFP00000005292	100.0	S	0.0
Galgal_ENSGALP00000024889	Mondom_ENSMODP00000022547	100.0	S	0.0
Cint_ENSCINP00000010465	Ratnor_ENSRNOP00000048598	57.0	S	0.0
Cint_ENSCINP00000010465	Mondom_ENSMODP00000010540	57.0	S	0.0
Cint_ENSCINP00000010465	Hsap_ENSP00000317123	57.0	S	0.0
Cint_ENSCINP00000010465	Canfam_ENSCAFP00000065424	57.0	S	0.0
Cint_ENSCINP00000010465	Tetnig_ENSTNIP00000006950	57.0	S	0.0
Cint_ENSCINP00000010465	Galgal_ENSGALP00000066377	57.0	S	0.0
Cint_ENSCINP00000010465	Mmus_ENSMUSP00000099509	57.0	S	0.0
Cint_ENSCINP00000010465	Drer_ENSDARP00000098660	57.0	S	0.0
Cint_ENSCINP00000010465	Pantro_ENSPTRP00000020959	57.0	S	0.0
Cint_ENSCINP00000010465	Drer_ENSDARP00000147551	57.0	S	0.0
Cint_ENSCINP00000010465	Galgal_ENSGALP00000056910	57.0	S	0.0
Bralan_BL16682_cuf6	Ratnor_ENSRNOP00000048598	57.0	S	0.0
Bralan_BL16682_cuf6	Mondom_ENSMODP00000010540	57.0	S	0.0
Bralan_BL16682_cuf6	Hsap_ENSP00000317123	57.0	S	0.0
Bralan_BL16682_cuf6	Canfam_ENSCAFP00000065424	57.0	S	0.0
Bralan_BL16682_cuf6	Tetnig_ENSTNIP00000006950	57.0	S	0.0
Bralan_BL16682_cuf6	Galgal_ENSGALP00000066377	57.0	S	0.0
Bralan_BL16682_cuf6	Mmus_ENSMUSP00000099509	57.0	S	0.0
Bralan_BL16682_cuf6	Drer_ENSDARP00000098660	57.0	S	0.0
Bralan_BL16682_cuf6	Pantro_ENSPTRP00000020959	57.0	S	0.0
Bralan_BL16682_cuf6	Drer_ENSDARP00000147551	57.0	S	0.0
Bralan_BL16682_cuf6	Galgal_ENSGALP00000056910	57.0	S	0.0
Mmus_ENSMUSP00000041599	Ratnor_ENSRNOP00000002974	100.0	S	0.0
Canfam_ENSCAFP00000039284	Hsap_ENSP00000295488	100.0	S	0.0
Canfam_ENSCAFP00000039284	Pantro_ENSPTRP00000038909	100.0	S	0.0
Mmus_ENSMUSP00000059757	Ratnor_ENSRNOP00000061230	100.0	S	0.0
Pantro_ENSPTRP00000090368	Hsap_ENSP00000481120	100.0	S	0.0
Drer_ENSDARP00000024380	Tetnig_ENSTNIP00000002704	98.0	S	0.0
Galgal_ENSGALP00000023673	Canfam_ENSCAFP00000010181	100.0	S	0.0
Galgal_ENSGALP00000023673	Mmus_ENSMUSP00000022281	100.0	S	0.0
Galgal_ENSGALP00000023673	Mondom_ENSMODP00000024321	100.0	S	0.0
Galgal_ENSGALP00000023673	Hsap_ENSP00000230640	100.0	S	0.0
Galgal_ENSGALP00000023673	Pantro_ENSPTRP00000028912	100.0	S	0.0
Galgal_ENSGALP00000023673	Ratnor_ENSRNOP00000057426	100.0	S	0.0
Tetnig_ENSTNIP00000007016	Drer_ENSDARP00000146737	100.0	S	0.0
Galgal_ENSGALP00000073389	Hsap_ENSP00000372827	100.0	S	0.0
Galgal_ENSGALP00000073389	Mondom_ENSMODP00000042666	100.0	S	0.0
Galgal_ENSGALP00000073389	Hsap_ENSP00000399530	100.0	S	0.0
Galgal_ENSGALP00000073389	Pantro_ENSPTRP00000046852	100.0	S	0.0
Galgal_ENSGALP00000073389	Mmus_ENSMUSP00000036265	100.0	S	0.0
Galgal_ENSGALP00000073389	Hsap_ENSP00000400626	100.0	S	0.0
Galgal_ENSGALP00000073389	Hsap_ENSP00000394400	100.0	S	0.0
Galgal_ENSGALP00000073389	Hsap_ENSP00000412310	100.0	S	0.0
Galgal_ENSGALP00000073389	Hsap_ENSP00000364543	100.0	S	0.0
Galgal_ENSGALP00000073389	Ratnor_ENSRNOP00000000481	100.0	S	0.0
Galgal_ENSGALP00000073389	Canfam_ENSCAFP00000000965	100.0	S	0.0
Mmus_ENSMUSP00000112590	Canfam_ENSCAFP00000029936	100.0	S	0.0
Mmus_ENSMUSP00000112590	Pantro_ENSPTRP00000057235	100.0	S	0.0
Mmus_ENSMUSP00000112590	Hsap_ENSP00000359454	100.0	S	0.0
Ratnor_ENSRNOP00000034409	Canfam_ENSCAFP00000029936	100.0	S	0.0
Ratnor_ENSRNOP00000034409	Pantro_ENSPTRP00000057235	100.0	S	0.0
Ratnor_ENSRNOP00000034409	Hsap_ENSP00000359454	100.0	S	0.0
Mondom_ENSMODP00000022547	Hsap_ENSP00000358159	99.0	S	0.0
Mondom_ENSMODP00000022547	Mmus_ENSMUSP00000036726	99.0	S	0.0
Mondom_ENSMODP00000022547	Pantro_ENSPTRP00000031510	99.0	S	0.0
Mondom_ENSMODP00000022547	Ratnor_ENSRNOP00000053848	99.0	S	0.0
Mondom_ENSMODP00000022547	Canfam_ENSCAFP00000005292	99.0	S	0.0
Cint_ENSCINP00000010465	Bralan_BL16682_cuf6	90.0	S	0.0
Tetnig_ENSTNIP00000006950	Ratnor_ENSRNOP00000048598	53.0	S	0.0
Tetnig_ENSTNIP00000006950	Mondom_ENSMODP00000010540	53.0	S	0.0
Tetnig_ENSTNIP00000006950	Hsap_ENSP00000317123	53.0	S	0.0
Tetnig_ENSTNIP00000006950	Canfam_ENSCAFP00000065424	53.0	S	0.0
Tetnig_ENSTNIP00000006950	Mmus_ENSMUSP00000099509	53.0	S	0.0
Tetnig_ENSTNIP00000006950	Pantro_ENSPTRP00000020959	53.0	S	0.0
Tetnig_ENSTNIP00000006950	Galgal_ENSGALP00000066377	53.0	S	0.0
Tetnig_ENSTNIP00000006950	Galgal_ENSGALP00000056910	53.0	S	0.0
Drer_ENSDARP00000098660	Ratnor_ENSRNOP00000048598	53.0	S	0.0
Drer_ENSDARP00000098660	Mondom_ENSMODP00000010540	53.0	S	0.0
Drer_ENSDARP00000098660	Hsap_ENSP00000317123	53.0	S	0.0
Drer_ENSDARP00000098660	Canfam_ENSCAFP00000065424	53.0	S	0.0
Drer_ENSDARP00000098660	Mmus_ENSMUSP00000099509	53.0	S	0.0
Drer_ENSDARP00000098660	Pantro_ENSPTRP00000020959	53.0	S	0.0
Drer_ENSDARP00000098660	Galgal_ENSGALP00000066377	53.0	S	0.0
Drer_ENSDARP00000098660	Galgal_ENSGALP00000056910	53.0	S	0.0
Drer_ENSDARP00000147551	Ratnor_ENSRNOP00000048598	53.0	S	0.0
Drer_ENSDARP00000147551	Mondom_ENSMODP00000010540	53.0	S	0.0
Drer_ENSDARP00000147551	Hsap_ENSP00000317123	53.0	S	0.0
Drer_ENSDARP00000147551	Canfam_ENSCAFP00000065424	53.0	S	0.0
Drer_ENSDARP00000147551	Mmus_ENSMUSP00000099509	53.0	S	0.0
Drer_ENSDARP00000147551	Pantro_ENSPTRP00000020959	53.0	S	0.0
Drer_ENSDARP00000147551	Galgal_ENSGALP00000066377	53.0	S	0.0
Drer_ENSDARP00000147551	Galgal_ENSGALP00000056910	53.0	S	0.0
Pantro_ENSPTRP00000038909	Hsap_ENSP00000295488	100.0	S	0.0
Mondom_ENSMODP00000024321	Canfam_ENSCAFP00000010181	99.0	S	0.0
Mondom_ENSMODP00000024321	Mmus_ENSMUSP00000022281	99.0	S	0.0
Mondom_ENSMODP00000024321	Hsap_ENSP00000230640	99.0	S	0.0
Mondom_ENSMODP00000024321	Pantro_ENSPTRP00000028912	99.0	S	0.0
Mondom_ENSMODP00000024321	Ratnor_ENSRNOP00000057426	99.0	S	0.0
Mondom_ENSMODP00000042666	Hsap_ENSP00000372827	100.0	S	0.0
Mondom_ENSMODP00000042666	Hsap_ENSP00000399530	100.0	S	0.0
Mondom_ENSMODP00000042666	Pantro_ENSPTRP00000046852	100.0	S	0.0
Mondom_ENSMODP00000042666	Mmus_ENSMUSP00000036265	100.0	S	0.0
Mondom_ENSMODP00000042666	Hsap_ENSP00000400626	100.0	S	0.0
Mondom_ENSMODP00000042666	Hsap_ENSP00000394400	100.0	S	0.0
Mondom_ENSMODP00000042666	Hsap_ENSP00000412310	100.0	S	0.0
Mondom_ENSMODP00000042666	Hsap_ENSP00000364543	100.0	S	0.0
Mondom_ENSMODP00000042666	Ratnor_ENSRNOP00000000481	100.0	S	0.0
Mondom_ENSMODP00000042666	Canfam_ENSCAFP00000000965	100.0	S	0.0
Ratnor_ENSRNOP00000034409	Mmus_ENSMUSP00000112590	100.0	S	0.0
Canfam_ENSCAFP00000029936	Pantro_ENSPTRP00000057235	99.0	S	0.0
Canfam_ENSCAFP00000029936	Hsap_ENSP00000359454	99.0	S	0.0
Canfam_ENSCAFP00000005292	Mmus_ENSMUSP00000036726	100.0	S	0.0
Canfam_ENSCAFP00000005292	Hsap_ENSP00000358159	100.0	S	0.0
Canfam_ENSCAFP00000005292	Pantro_ENSPTRP00000031510	100.0	S	0.0
Canfam_ENSCAFP00000005292	Ratnor_ENSRNOP00000053848	100.0	S	0.0
Tetnig_ENSTNIP00000006950	Drer_ENSDARP00000098660	100.0	S	0.0
Tetnig_ENSTNIP00000006950	Drer_ENSDARP00000147551	100.0	S	0.0
Canfam_ENSCAFP00000010181	Ratnor_ENSRNOP00000057426	100.0	S	0.0
Canfam_ENSCAFP00000010181	Hsap_ENSP00000230640	100.0	S	0.0
Canfam_ENSCAFP00000010181	Pantro_ENSPTRP00000028912	100.0	S	0.0
Canfam_ENSCAFP00000010181	Mmus_ENSMUSP00000022281	100.0	S	0.0
Mmus_ENSMUSP00000036265	Hsap_ENSP00000372827	100.0	S	0.0
Mmus_ENSMUSP00000036265	Hsap_ENSP00000399530	100.0	S	0.0
Mmus_ENSMUSP00000036265	Pantro_ENSPTRP00000046852	100.0	S	0.0
Mmus_ENSMUSP00000036265	Hsap_ENSP00000394400	100.0	S	0.0
Mmus_ENSMUSP00000036265	Hsap_ENSP00000412310	100.0	S	0.0
Mmus_ENSMUSP00000036265	Hsap_ENSP00000364543	100.0	S	0.0
Mmus_ENSMUSP00000036265	Hsap_ENSP00000400626	100.0	S	0.0
Mmus_ENSMUSP00000036265	Canfam_ENSCAFP00000000965	100.0	S	0.0
Ratnor_ENSRNOP00000000481	Hsap_ENSP00000372827	100.0	S	0.0
Ratnor_ENSRNOP00000000481	Hsap_ENSP00000399530	100.0	S	0.0
Ratnor_ENSRNOP00000000481	Pantro_ENSPTRP00000046852	100.0	S	0.0
Ratnor_ENSRNOP00000000481	Hsap_ENSP00000394400	100.0	S	0.0
Ratnor_ENSRNOP00000000481	Hsap_ENSP00000412310	100.0	S	0.0
Ratnor_ENSRNOP00000000481	Hsap_ENSP00000364543	100.0	S	0.0
Ratnor_ENSRNOP00000000481	Hsap_ENSP00000400626	100.0	S	0.0
Ratnor_ENSRNOP00000000481	Canfam_ENSCAFP00000000965	100.0	S	0.0
Hsap_ENSP00000359454	Pantro_ENSPTRP00000057235	100.0	S	0.0
Mmus_ENSMUSP00000036726	Hsap_ENSP00000358159	100.0	S	0.0
Mmus_ENSMUSP00000036726	Pantro_ENSPTRP00000031510	100.0	S	0.0
Ratnor_ENSRNOP00000053848	Hsap_ENSP00000358159	100.0	S	0.0
Ratnor_ENSRNOP00000053848	Pantro_ENSPTRP00000031510	100.0	S	0.0
Drer_ENSDARP00000098660	Drer_ENSDARP00000147551	100.0	D	1.0
Mondom_ENSMODP00000010540	Ratnor_ENSRNOP00000048598	59.0	S	0.0
Mondom_ENSMODP00000010540	Hsap_ENSP00000317123	59.0	S	0.0
Mondom_ENSMODP00000010540	Canfam_ENSCAFP00000065424	59.0	S	0.0
Mondom_ENSMODP00000010540	Mmus_ENSMUSP00000099509	59.0	S	0.0
Mondom_ENSMODP00000010540	Pantro_ENSPTRP00000020959	59.0	S	0.0
Galgal_ENSGALP00000056910	Ratnor_ENSRNOP00000048598	59.0	S	0.0
Galgal_ENSGALP00000056910	Hsap_ENSP00000317123	59.0	S	0.0
Galgal_ENSGALP00000056910	Canfam_ENSCAFP00000065424	59.0	S	0.0
Galgal_ENSGALP00000056910	Mmus_ENSMUSP00000099509	59.0	S	0.0
Galgal_ENSGALP00000056910	Pantro_ENSPTRP00000020959	59.0	S	0.0
Ratnor_ENSRNOP00000057426	Hsap_ENSP00000230640	99.0	S	0.0
Ratnor_ENSRNOP00000057426	Pantro_ENSPTRP00000028912	99.0	S	0.0
Mmus_ENSMUSP00000022281	Hsap_ENSP00000230640	99.0	S	0.0
Mmus_ENSMUSP00000022281	Pantro_ENSPTRP00000028912	99.0	S	0.0
Mmus_ENSMUSP00000036265	Ratnor_ENSRNOP00000000481	100.0	S	0.0
Canfam_ENSCAFP00000000965	Hsap_ENSP00000372827	96.0	S	0.0
Canfam_ENSCAFP00000000965	Hsap_ENSP00000399530	96.0	S	0.0
Canfam_ENSCAFP00000000965	Pantro_ENSPTRP00000046852	96.0	S	0.0
Canfam_ENSCAFP00000000965	Hsap_ENSP00000394400	96.0	S	0.0
Canfam_ENSCAFP00000000965	Hsap_ENSP00000412310	96.0	S	0.0
Canfam_ENSCAFP00000000965	Hsap_ENSP00000364543	96.0	S	0.0
Canfam_ENSCAFP00000000965	Hsap_ENSP00000400626	96.0	S	0.0
Mmus_ENSMUSP00000036726	Ratnor_ENSRNOP00000053848	100.0	S	0.0
Hsap_ENSP00000358159	Pantro_ENSPTRP00000031510	100.0	S	0.0
Mondom_ENSMODP00000010540	Galgal_ENSGALP00000056910	69.0	S	0.0
Canfam_ENSCAFP00000065424	Ratnor_ENSRNOP00000048598	86.0	S	0.0
Canfam_ENSCAFP00000065424	Pantro_ENSPTRP00000020959	86.0	S	0.0
Canfam_ENSCAFP00000065424	Hsap_ENSP00000317123	86.0	S	0.0
Canfam_ENSCAFP00000065424	Mmus_ENSMUSP00000099509	86.0	S	0.0
Mmus_ENSMUSP00000022281	Ratnor_ENSRNOP00000057426	100.0	S	0.0
Hsap_ENSP00000230640	Pantro_ENSPTRP00000028912	100.0	S	0.0
Pantro_ENSPTRP00000046852	Hsap_ENSP00000372827	100.0	S	0.0
Pantro_ENSPTRP00000046852	Hsap_ENSP00000399530	100.0	S	0.0
Pantro_ENSPTRP00000046852	Hsap_ENSP00000394400	100.0	S	0.0
Pantro_ENSPTRP00000046852	Hsap_ENSP00000412310	100.0	S	0.0
Pantro_ENSPTRP00000046852	Hsap_ENSP00000364543	100.0	S	0.0
Pantro_ENSPTRP00000046852	Hsap_ENSP00000400626	100.0	S	0.0
Ratnor_ENSRNOP00000048598	Pantro_ENSPTRP00000020959	78.0	S	0.0
Ratnor_ENSRNOP00000048598	Hsap_ENSP00000317123	78.0	S	0.0
Mmus_ENSMUSP00000099509	Pantro_ENSPTRP00000020959	78.0	S	0.0
Mmus_ENSMUSP00000099509	Hsap_ENSP00000317123	78.0	S	0.0
Hsap_ENSP00000394400	Hsap_ENSP00000412310	98.0	D	1.0
Hsap_ENSP00000394400	Hsap_ENSP00000400626	98.0	D	1.0
Hsap_ENSP00000394400	Hsap_ENSP00000399530	98.0	D	1.0
Hsap_ENSP00000394400	Hsap_ENSP00000372827	98.0	D	1.0
Hsap_ENSP00000364543	Hsap_ENSP00000412310	98.0	D	1.0
Hsap_ENSP00000364543	Hsap_ENSP00000400626	98.0	D	1.0
Hsap_ENSP00000364543	Hsap_ENSP00000399530	98.0	D	1.0
Hsap_ENSP00000364543	Hsap_ENSP00000372827	98.0	D	1.0
Mmus_ENSMUSP00000099509	Ratnor_ENSRNOP00000048598	92.0	S	0.0
Hsap_ENSP00000317123	Pantro_ENSPTRP00000020959	94.0	S	0.0
Hsap_ENSP00000364543	Hsap_ENSP00000394400	99.0	D	1.0
Hsap_ENSP00000399530	Hsap_ENSP00000412310	67.0	D	1.0
Hsap_ENSP00000399530	Hsap_ENSP00000400626	67.0	D	1.0
Hsap_ENSP00000399530	Hsap_ENSP00000372827	67.0	D	1.0
Hsap_ENSP00000412310	Hsap_ENSP00000400626	1.0	D	1.0
Hsap_ENSP00000412310	Hsap_ENSP00000372827	1.0	D	1.0
Hsap_ENSP00000372827	Hsap_ENSP00000400626	1.0	D	1.0
